,Unnamed: 0,1) Let's imagine what happens when you collect sunlight with convex lenses,Unnamed: 0,", q49_temperature, q49_refractive, q49_light energy, q49_temperature1, q49_refractive.1,q49_light energy.1"
0,0,"Light gathers in one place, and smoke comes out when sunlight is collected on dry leaves.",0.0,"0,1,1,0, fire, center, it's getting hot"
1,1,The light will gather in the middle.,1.0,"1,01,0, heated, light bending occurs, temperature rises"
2,2,There's a fire,2.0,"2,1,0, black, black, refraction occurs. The temperature rises hotly"
3,3,Light will go out in all directions.,3.0,"3,0,0,0, you can see the marks, the light deflects. ,the temperature increases"
4,4,I think it's going to be reflected,4.0,"4,0,0,0, hot, light gathers.The temperature rises hot"
5,5,"After gathering, the temperature rises and a fire breaks out.",5.0,"5,1,0, there is a phenomenon of heating, the light bends and bends, and the temperature is high"
6,6,I don't know.,6.0,"6,0,0,0, it's getting hot.With one focus, it rises to a high temperature"
7,7,There's a fire,7.0,"7,1,0,0, the lens heats up, gathers into one, the temperature rises a lot"
8,8,I think I'm going to smoke,8.0,"8,1,0,0, the lens gets hot, as a reference point, it gets hot a lot hotter"
9,9,There is nothing to predict.,9.0,"9,0,0, the bright part is hot, and it gathers into one dot.It's getting really hot"
10,10,The temperature rises.,10.0,"10,1,0,0, convex lens is heated, bent into one point.It's getting really hot"
11,11,Sunlight gathers in one place and burns everything.,11.0,"11,1,1,0, the convex lens heats up, gathers at one point, the temperature rises a lot"
12,12,The part where the sunlight is collected gets hot.,12.0,"12,1,1,0, convex lenses collect light, which increases the temperature of the part where the light gathers, concentrates to one point, and increases the temperature a lot"
13,13,The light of He is gathered in one place.,13.0,"13,0,1,0, convex lenses gather light and this will increase the temperature of the area where the light is gathered, it gathers into one focus, it heats up"
14,14,the property of refracting light,14.0,"14,0,1,0, convex lenses collect light, which increases the temperature of the area where the light is collected, concentrates in one place, and heats up"
15,15,This is because the speed of light varies depending on the material.,15.0,"15,0,0,0, convex lenses collect light, which increases the temperature of the area where the light is collected, and it gets hot"
16,16,Because the speed of light varies depending on the material,16.0,"16,0,0,0, convex lens collects light, which makes the area where the light gathers hot, because the light gathers in one point"
17,17,The light meets the lens with high frequency and the light becomes stronger and dies,17.0,"17,1,0,1,convex lenses collect light,and this will make the area where the light is gathered hot,because the light is gathered in one point"
18,18,I don't know,18.0,"18,0,0,0, convex lenses collect light, which makes the area where the light is gathered hot, because the light is gathered in one point"
19,19,a fire in a cluster,19.0,"19,1,0, convex lenses collect light, which makes the area where the light is gathered hot, because the light energy is gathered in one point"
20,20,Sunlight will gather in the middle,20.0,"20,0,1,0, convex lenses play a role in collecting light, which increases the temperature of the part where the light is collected, and it heats up because the light energy is collected in one point"
21,21,You can make a fire.,21.0,"21,1,0,0, convex lenses play a role in collecting light, which will increase the temperature of the area where the light gathers, and it gets hot because the light energy gathers at one point"
22,22,It's on fire,22.0,"22,1,0, and convex lenses play a role in collecting light, which increases the temperature of the part where light is collected, and when sunlight is collected with convex lenses, it becomes hot"
23,23,It's on fire,23.0,"23,1,0, and convex lenses play a role in collecting light, which increases the temperature of the part where the light is collected, and when sunlight is collected with the convex lens, it gets hot"
24,24,The thing below burns,24.0,"24,1,0, and convex lenses play a role in collecting light, which makes the area where the light is collected hot, and when you collect sunlight with the convex lens, it gets hot"
25,25,The light grows and then becomes smaller again.,25.0,"25,0,0,0, convex lenses play a role in collecting light, which will make the area where the light gathers hot, because the light gathers in one spot with the convex lens"
26,26,I think I'm going to the ground,26.0,"26,1,0, and convex lenses play a role in collecting light, which makes the area where the light is collected hot, and when sunlight is collected with the convex lens, the light is gathered in one point, so it gets hot"
27,27,The goods are burning,27.0,"27,1,0,, convex lenses play a role in collecting light, which makes the area where the light is collected hot…When the sunlight is collected with convex lenses, the light is gathered in one point, so it becomes hot"
28,28,It all looks close.,28.0,"28,0,0,0, when sunlight is collected with a convex lens, the temperature of that part increases, and when sunlight is collected with a convex lens, the light energy is gathered at one point, so it becomes hot29,1,0, if you collect sunlight with convex lenses, the temperature of that part will increase, because the light energy is gathered in one point, it will become hot"
29,29,It's getting red,29.0,"30,1,1,0, when sunlight is collected with convex lenses, the temperature of that part increases, and when sunlight is collected with convex lenses, light energy is collected in one point, so it becomes hot"
30,30,"If you touch the belt to collect sunlight, your hands get hot because of the convex lens.",30.0,"31,1,1,0, collecting sunlight with convex lenses increases the temperature of the area, and it becomes very hot"
31,31,"The place where sunlight is collected is likely to get hot, and if it persists, it may cause a fire.",31.0,"32,0,1,0, when you collect sunlight with a convex lens, that part gets hot, it becomes very hot"
32,32,Reflect.,32.0,"33,1,0,0 If you collect sunlight with a convex lens, that part will be hot, it will be very hot"
33,33,There's a fire.,33.0,"34,0,0,0, when you collect sunlight with a convex lens, that part becomes hot, because the light gathers in one point"
34,34,I don't think I'll be able to see it well,34.0,"35,0,1,0, when you collect sunlight with a convex lens, that part gets hot, because the light gathers in one point, it gets very hot"
35,35,Light refracts.,35.0,"When you collect sunlight with 36,1,0,0, convex lens, paper burns, because light gathers in one point, it gets very hot"
36,36,There's a fire,36.0,"37,1,0, you can burn paper by collecting sunlight with convex lenses, because light energy gathers in one point, it gets very hot"
37,37,Because it heats up the heat.,37.0,"When sunlight is collected with a 38,0,0,0, convex lens, the temperature of a certain part increases, and the light energy is collected in one point, so it becomes very hot"
38,38,I don't know.,38.0,"39,1,0,0 If you collect sunlight with a convex lens, the temperature of a certain part will increase, because the light energy gathers in one point, it becomes very hot"
39,39,There's a fire.,39.0,"40,0,0, when sunlight is collected with a convex lens, the temperature of a certain part increases, and when sunlight is collected with a convex lens, it becomes very hot"
40,40,You won't be able to see it well,40.0,"41,0,0,0 When you collect sunlight with a convex lens, the temperature of a certain part increases, and when you collect sunlight with a convex lens, it becomes very hot"
41,41,I think it'll be bad for the eyes.,41.0,"42,0,0,0, when you collect sunlight with a convex lens, a certain part becomes hot, and when you collect sunlight with a convex lens, it becomes very hot"
42,42,Sunlight is reflected.,42.0,"43,0,0,0 If you collect sunlight with a convex lens, a certain part will be hot, because the light gathers in one point with a convex lens, it becomes very hot"
43,43,I don't understand.,43.0,"44,1,1,0, when sunlight is collected with a convex lens, certain parts become hot, and when sunlight is collected with a convex lens, light is collected in one point, so it becomes very hot"
44,44,Energy is concentrated and the temperature rises.,44.0,"45,0,0, when you collect sunlight with a convex lens, certain parts get hot, because when you collect sunlight with a convex lens, the light gets very hot"
45,45,.,45.0,"46,1,0, when you collect sunlight using convex lenses, the temperature of that part increases, and when you collect sunlight with convex lenses, light energy gathers at one point, so it becomes very hot"
46,46,There's a fire,46.0,"47,1,0, if you collect sunlight using convex lenses, the temperature of that area will increase. If you collect sunlight with convex lenses, the light energy will be gathered in one point, so it will be very hot"
47,47,It's burning,47.0,"48,0,0,0, when you collect sunlight using convex lenses, the temperature of that part increases, and when you collect sunlight with convex lenses, the light energy gathers in one point, so it becomes very hot"
48,48,I don't know,48.0,"When you collect sunlight using a 49,1,0,0, convex lens, the temperature of that area increases, it becomes very hot"
49,49,It burns when the floor is touched,49.0,"When you collect sunlight using 50,1,0, and convex lenses, that part gets hot, very hot"
50,50,It's burning,50.0,"51,0,1,0, if you collect sunlight using convex lenses, that part will be hot, very hot"
51,51,The sunlight is gathering,51.0,"52,0,0,0 If you collect sunlight using a convex lens, that part will get hot, very hot"
52,52,Zoom in and see,52.0,"53,0,0,0, when you collect sunlight using convex lenses, that part gets hot"
53,53,I don't know,53.0,"54,1,1,0, If you collect sunlight using convex lenses, the temperature of a certain part increases, it gets hot"
54,54,The place where the light is gathered gets hot,54.0,"Using 55,1,0,0, convex lenses to collect sunlight will increase the temperature of certain areas"
55,55,It can heat up and cause a fire.,55.0,"56,0,0,0 If you collect sunlight using convex lenses, the temperature of a particular area will increase, it will become hot"
56,56,Bye!,56.0,"57,1,0, when you collect sunlight using convex lenses, the temperature of a certain part increases, and it is very hot because light energy is gathered in one point"
57,57,It's burning,57.0,"58,1,0, when you collect sunlight using convex lenses, certain parts become hot, because light energy is gathered in one point, so it is very hot59,1,1,0, If you collect sunlight using convex lenses, certain parts will be hot, because light annuities will be gathered in one point, so it will be very hot"
58,58,It's on fire,58.0,"60,1,0, when sunlight is collected using convex lenses, certain parts become hot, because light energy is gathered in one point, so it is very hot"
59,59,It gets hot when the light is gathered,59.0,"61,1,0, when you collect sunlight using a convex lens, certain parts get hot, because of the light energy"
60,60,The fire is burning,60.0,"62,1,0, when sunlight gathers using convex lenses, the temperature of that part increases, because of the light energy, it is very hot"
61,61,Black paper catches fire.,61.0,"63,1,1,0, when sunlight gathers using convex lenses, the temperature of the area will increase, because of the light energy, it will be very hot"
62,62,The convex lens and what was in begin to burn.,62.0,"64,1,0, when sunlight gathers using convex lenses, the temperature of that part increases, very hot because of the light energy"
63,63,"If you keep collecting it, the part that shines the collected light will be on fire.",63.0,"When sunlight gathers using 65,1,0,0, convex lenses, the temperature of that part increases, because light energy gathers in one point, it is hot"
64,64,to be able to burn,64.0,"66,1,0, when sunlight gathers using convex lenses, that part gets hot, because light energy gathers in one point"
65,65,The temperature rises.,65.0,"67,1,1,0, when sunlight gathers using convex lenses, that part will be hot, because light annuities gather in one point"
66,66,Ants and black paper can be burned.,66.0,"68,1,1,0, when sunlight gathers using convex lenses, that part becomes hot, because light energy gathers in one point"
67,67,The heat of the sunlight gathers and causes a fire.,67.0,"69,1,1,0, when sunlight gathers using convex lenses, that part gets hot because of the light energy"
68,68,The temperature of the collected points rises,68.0,"70,1,1,0, when sunlight gathers using convex lenses, the temperature of a certain part increases, because of the light energy, it is hot"
69,69,Smoke or fire occurs where the center of the lens touches,69.0,"71,0,0, when sunlight gathers using convex lenses, the temperature of a particular area will increase, because of the light energy, it will be hot"
70,70,Heat can gather in the middle and burn things like a laser.,70.0,"72,1,1,0, when sunlight gathers using convex lenses, the temperature of a certain part increases, hot because of light energy"
71,71,The light is spreading,71.0,"73,1,0, when sunlight gathers using convex lenses, the temperature of a certain part increases, it becomes hot"
72,72,The temperature of the part where sunlight gathers increases.,72.0,"74,1,1,0, when sunlight gathers using convex lenses, certain parts become hot, where light gathers is hot"
73,73,It's getting hot,73.0,"When sunlight gathers using 75, 1, 0, 0, and convex lenses, certain areas will become hot, as light gathers into one spot"
74,74,The gathered part gets hot,74.0,"76,1,0, when sunlight gathers using convex lenses, certain parts become hot, light gathers at one point and becomes hot"
75,75,Ants are burning,75.0,"77,0,0, when sunlight gathers using convex lenses, certain parts become hot, creating a dot shape, but it is hot"
76,76,There's a fire,76.0,"78,0,0,1,0, when light is collected with convex lenses, the lens is heated up, because of the large amount of light in the narrow area, it gets heated by heat"
77,77,The sunlight is reflected again,77.0,"79,1,1,0, collecting light with convex lens makes the lens hot, because of the sunlight"
78,78,A convex lens brings light into focus.,78.0,"80,1,0, when light is collected with a convex lens, the convex lens is heated up, the sunlight gathers and heats up"
79,79,The lumped light gets hot and there's a fire left,79.0,"81,1,1,0, the convex lens heats up when the light is collected with the convex lens, and the place where the sunlight gathers is heated up"
80,80,to be able to burn or make a fire,80.0,"When you collect light with 82,1,0, and convex lenses, there is a fire, and the place where the sunlight gathers becomes hot"
81,81,Continuously collecting sunlight with convex lenses in one place produces a little fire.,81.0,"83,0,1,0, when you collect light with a convex lens, a fire is made by collecting light energy, and it is hot"
82,82,You can make a fire.,82.0,"84,0,0,0 when light is collected with convex lenses, a fire occurs. Light energy gathers and heats up"
83,83,Light refracts and gathers in one place,83.0,"When light is collected with 85,1,0, and convex lenses, light energy gathers and the temperature rises"
84,84,I don't think it'll come together,84.0,"86,1,1,0, when light is collected by convex lenses, smoke is produced. Light energy gathers and the temperature rises"
85,85,The temperature rises.,85.0,"87,1,1,0, collecting light with convex lenses produces smoke, which increases the temperature of the area"
86,86,The temperature of the part where the sunlight is gathered increases.,86.0,"88,0,0,0, when the light is collected with a convex lens, smoke is generated, and that part becomes hot89,1,0, when light is collected by convex lenses, smoke is produced, and the temperature of that area rises"
87,87,The temperature of the part where the light gathers increases.,87.0,"90,0,0,1,0, the temperature rises when the light is collected with a convex lens, the light energy of that part gathers and the temperature rises"
88,88,It looks convex,88.0,"91,0,1,0, when the light is collected with a convex lens, the ambient temperature rises, and the energy of that part gathers and the temperature rises"
89,89,It's burning,89.0,"When light is collected with a 92,1,0,0, convex lens, the surrounding area is heated and the temperature rises, and the light energy of that area gathers and increases the temperature"
90,90,It's refracting.,90.0,"93,1,0, the surroundings are heated by collecting light with convex lenses"
91,91,Light gathers in one place,91.0,"When you collect light with a 94,1,0, convex lens, the surroundings get hot"
92,92,The heat rises and catches fire,92.0,"Using 95, 0, 1, 0, and convex lenses will gather light and increase the temperature of the area"
93,93,It's getting hot,93.0,"If you use a 96,1,0,0, convex lens, the light will gather and heat up the area"
94,94,Heat is generated,94.0,"Using a 971,0,0, convex lens will collect light and increase the temperature of the area"
95,95,The refraction causes light to spread outward.,95.0,"If you use 98,1,1,0, convex lenses, the light will gather and this will heat up the area"
96,96,Heat is generated.,96.0,"If you use 99,1,0, and convex lenses, the light will gather and the temperature will increase"
97,97,It's burning,97.0,"If you use 100,1,0,0, and convex lenses, the light will gather and the temperature will become hot"
98,98,A fire rises in the part where the sunlight is collected.burning,98.0,"101,0,0, the lens is heated by collecting light using a convex lens"
99,99,You can light something like cloth,99.0,"102,1,0, the lens becomes hot when the light is collected using a convex lens"
100,100,I see something far away,100.0,"103,1,1,0, If you collect light using a convex lens, there is a fire"
101,101,It's on fire,101.0,"When you collect light using a 104,1,0, convex lens, a fire is made"
102,102,Light gathers at a point and catches fire.,102.0,"105,1,1,0, when light is collected using a convex lens, a fire is generated"
103,103,Heat may rise and ignite,103.0,"106,1,0, when light is collected using convex lenses, a fire occurs"
104,104,The place where the sunlight gathers gets hot,104.0,"If you collect light using 107,1,0, and convex lenses, smoke is produced"
105,105,There's a fire.,105.0,"108,1,1,0, collecting light using convex lenses produces smoke"
106,106,It's on fire,106.0,"109,1,0, when the light is collected using a convex lens, smoke occurs"
107,107,The place where the sunlight is gathered is on fire,107.0,"If you collect light using 110,0,1,0, convex lens, the temperature rises"
108,108,It's on fire,108.0,"When the light is collected using a convex lens, the ambient temperature rises"
109,109,Sunlight gathers in one place.,109.0,"When the light is collected using a convex lens, the surrounding area is heated and the temperature rises"
110,110,sunlight reflecting here and there,110.0,"113,1,0, the lens is heated by collecting sunlight using a convex lens"
111,111,The sunlight wavelengths.,111.0,"If you collect sunlight using a convex lens, the lens gets hot"
112,112,to be able to light a fire,112.0,"115,0,0,0 If you use convex lens to collect sunlight, you will get fire"
113,113,I don't know.,113.0,"If you collect sunlight using 116,1,0,0, convex lenses, you can make a fire"
114,114,The Earth Destroyed,114.0,"A fire occurs when sunlight is collected using 117,1,1,0, convex lens"
115,115,get a fever,115.0,"If you collect sunlight using 118,1,0, and convex lenses, a fire occursIf you collect sunlight using 1191,0,0, and convex lenses, smoke is produced"
116,116,The place where the light is collected gets really hot,116.0,"If you collect sunlight using 120,1,0, and convex lenses, there is smoke"
117,117,The paper burns,117.0,"121,0,0,0 , the use of convex lenses to collect sunlight causes smoke"
118,118,be on fire,118.0,"122, 0, 0, 0, 0 The temperature rises when sunlight is collected using a convex lens"
119,119,It's on fire,119.0,"The ambient temperature increases when sunlight is collected using 123,1,0, and convex lenses"
120,120,I don't know.,120.0,"When sunlight is collected using 124,1,0, convex lenses, the surroundings heat up and the temperature rises"
121,121,It's small and looks straightens out,121.0,"125,0, 0, 0, the surroundings of the light burn"
122,122,Heat is applied.,122.0,"126,0,0,0, heat is generated at the point where the light gathers"
123,123,It's on fire,123.0,"127,0,0,0, there is a fire"
124,124,The light is about to spread,124.0,"128, 1, 0, 0, fire"
125,125,.,125.0,"129,0, 0, 0, fire is made"
126,126,It's the Meripho,126.0,"130,0,0,0,0 fire occurs"
127,127,Smoke and fire,127.0,"131,1,0, there is a fire"
128,128,I can see it better,128.0,"132,1,0, the lens is heated when the light is collected"
129,129,른다It's going to be different.,129.0,"133,0,0,0, the lens gets hot when the light is collected"
130,130,A fever develops.,130.0,"134,1,0, when the light is collected, the convex lens is heated"
131,131,There's a fire,131.0,"135,1,0, the convex lens heats up when the light is collected"
132,132,I don't know,132.0,"136,1,0, when you collect the light, you have a fire"
133,133,The part looks a little burnt.,133.0,"137,1,0, when light is collected, a fire is made"
134,134,"The objects below catch fire, and you can watch the fire.",134.0,"138,1,0,0 , a fire occurs when light is collected"
135,135,The light is going to reflect and burn,135.0,"139,0,1,0, when light is collected, a fire occurs"
136,136,There's a fire,136.0,"140,0,0,1,0, when light is collected, smoke is produced"
137,137,"When sunlight is collected, it rises to a temperature above the ignition point, so it catches fire.",137.0,"141,1,0, when light is collected, smoke is produced"
138,138,The light is gathering,138.0,"142,1,1,1,1 Smoke occurs when light is collected"
139,139,The light is refracted,139.0,"143,0,0,0, when light is collected, smoke comes out"
140,140,be burned by light,140.0,"144,1,1,1,1 The temperature rises when the light is collected"
141,141,Light gathers in the middle and fires or shines on the gathered part.,141.0,"145,1,0, when light is collected, the ambient temperature rises"
142,142,............,142.0,"146,1,0, when light is collected, the surrounding area heats up and the temperature rises"
143,143,The sun is hot because the light energy is gathered in one point. That's why there could be a fire.,143.0,"147,0,1,0, when light is collected, the surroundings heat up"
144,144,Heat is generated.,144.0,"148,1,0, when light is collected, the surroundings become hot149,1,0, the light gathers and the temperature of the part increases"
145,145,A fire can be made at temperatures above the ignition point.,145.0,"150,0,0,0 light will gather and the temperature of the area will increase"
146,146,Light gathers.,146.0,"151,1,0, the light gathers and the temperature of the part increases"
147,147,"If it rises above the ignition point, it catches fire",147.0,"152,0,1,0, the light gathers and the temperature of the area increases"
148,148,Can produce a temperature higher than the ignition point,148.0,"153,0,0,0 the light gathers and the part gets hot"
149,149,There's a fire.,149.0,"154,1,1,1, the light will gather and the part will be hot"
150,150,Put a convex lens on a piece of paper and collect the sunlight and it burns,150.0,"155,1,1,0, the light gathers and the part becomes hot"
151,151,Sunlight shadows gather in one place.,151.0,"156,1,1,0, the light gathers and the area heats up"
152,152,You'll get burned,152.0,"157,1,0, the light collects and the temperature of the area increases"
153,153,It is very hot because the light energy is gathered at one point,153.0,"158,1,1,1, the light will gather and the temperature of the area will increase"
154,154,"The light gathers in one place, so there is a fire.",154.0,"159,1,0, the light gathers and the temperature of the part increases"
155,155,Light gathers in one place and fires.,155.0,"160,1,0, the light collects and the temperature of the area increases"
156,156,It's burning,156.0,"161,1,0, the light gathers and it heats up"
157,157,The part where the sunlight gathers becomes bright and the temperature rises. catch fire,157.0,"162,1,0, the light will gather and this will heat up the area"
158,158,"If it is well gathered, there will be a fire",158.0,"163,1,0, the light gathers and it heats up"
159,159,It's on fire,159.0,"164,0,0,0, the light gathers and it heats up"
160,160,The teacher scolds me for the fire,160.0,"165,0,0,0 light collects and the temperature increases"
161,161,A fire breaks out.,161.0,"166,1,0, the light will gather and the temperature will rise"
162,162,Sunlight ignites objects under the mat.,162.0,"167,1,0, the light gathers and the temperature increases"
163,163,ㅐ,163.0,"168,1,0, the light collects and the temperature increases"
164,164,The light looks bent.,164.0,"169,1,0, the light gathers and the temperature heats up"
165,165,There's a fire,165.0,"1700,0,0,0 light will be collected and the temperature will be hot"
166,166,It's on fire,166.0,"171,0,1,0, the light gathers and the temperature heats up"
167,167,It's burning.,167.0,"172,0,1,0, the light gathers and the temperature heats up"
168,168,There's a fire,168.0,"173,1,0, there is a smoke phenomenon"
169,169,There's a lot to be seen information,169.0,"174,1,0, there is smoke"
170,170,Light gathers in one place,170.0,"175,1,0, smoke is made"
171,171,Light gathers in one place,171.0,"176,1,0, there is smoke"
172,172,"When sunlight is collected and collected on paper, there is a fire.",172.0,"177,1,0, there is smoke"
173,173,It's on fire,173.0,"178,0,0,0 ,smoke is blooming179,1,1,0, smoke rises"
174,174,There's a fire,174.0,"1800,0,1,0, I have a fever"
175,175,There's a fire.,175.0,"181,1,0,0 heat is generated"
176,176,The edge of the lens will get hot.,176.0,"182,1,0, the temperature goes up"
177,177,Light spreads without gathering,177.0,"183,1,1,0, the paper becomes black"
178,178,"Sunlight gathers in the middle, heat gathers, and burns when there is paper.",178.0,"184,0,1,0, the paper burns"
179,179,The convex lens will collect sunlight and concentrate sunlight in one place.,179.0,"185,1,1,0, paper burns"
180,180,There will be a fire.,180.0,"186,1,0,1, the paper catches fire"
181,181,There's a fire.,181.0,"187,1,0,0, the ambient temperature rises"
182,182,Sunlight gathers and becomes a fire.,182.0,"188,1,0,0, the surroundings heat up and the temperature rises"
183,183,The sunlight gathers in the middle.,183.0,"189,1,1,0, the surroundings are heated"
184,184,"Unless the sunlight is like vibranium, it burns/melts!",184.0,"190, 1, 0, 0, the surroundings get hot"
185,185,"It can catch fire, the temperature increases, and the brightness increases",185.0,"191,0,1,0, there is smoke in one part"
186,186,It's starting to burn,186.0,"192,1,0, when sunlight is collected, the temperature of that part increases"
187,187,The temperature is going up,187.0,"193, 1, 0, 0, when sunlight is collected, the temperature of that part will increase"
188,188,It burns or the sun gathers,188.0,"194,1,1,0, when sunlight is collected, the temperature of that part increases"
189,189,"of things or land, to burn",189.0,"195,0,1,0, when sunlight is collected, the temperature of that part increases"
190,190,Light gathers in one place,190.0,"196,1,1,0, when you collect sunlight, that part gets hot"
191,191,"When sunlight is collected and reflected on paper, the paper burns to ashes.",191.0,"197,1,1,0, when you collect sunlight, that part will be hot"
192,192,It's on fire,192.0,"198,1,1,0, when you collect sunlight, that part gets hot"
193,193,Sunlight gathers and catches fire,193.0,"199,0,0,0, when you collect sunlight, that part gets hot"
194,194,Light gathers and scatters in the middle,194.0,"200 ,1,0, the lens is heated when sunlight is collected"
195,195,The collection begins to burn.,195.0,"201, 1, 0, 0, the lens gets hot when the sunlight is collected"
196,196,"The light is driven to the center, and the temperature of the light gradually rises.",196.0,"202,0,1,0, when sunlight is collected, the convex lens is heated"
197,197,The place where the sunlight gathers burns or heats upThe sun is too bright to see stars with our eyes.,197.0,"203,1,0, when sunlight is collected, the convex lens becomes hot"
198,198,It's burning,198.0,"204,1,1,0, when you collect sunlight, there is a fire"
199,199,"The other side of the lens that collects the sunlight emits light of a fiery nature, so the object on the other side burns.",199.0,"205,1,0, when sunlight is collected, a fire is made"
200,200,Light gathers in the middle,200.0,"206,1,0,1, when sunlight is collected, a fire occurs"
201,201,a fire,201.0,"207,0,0,0, when the sunlight is collected, a fire occurs"
202,202,The temperature rises where sunlight gathers.,202.0,"208,0,1,0, collecting sunlight makes smoke209,0,1,0, collecting sunlight produces smoke"
203,203,There's a fire,203.0,"210 ,1,1,0 , when the sunlight is collected, smoke occurs"
204,204,"The part gets brighter, the temperature gets higher, smoke comes out, and burns.",204.0,"211,0, 0, 0, 0 When the sun is collected, smoke comes out"
205,205,It looks big and explainable.,205.0,"212,1,0, the temperature rises when sunlight is collected"
206,206,"If sunlight is collected with convex lenses, the light is collected in the middle because the middle part is thicker than the edge.",206.0,"213,1,0, when sunlight is collected, the ambient temperature rises"
207,207,Light gathers in one place,207.0,"214,0,0,0, when sunlight is collected, the surrounding area is heated and the temperature rises"
208,208,Sunlight is collected and the material underneath burns.,208.0,"215,1,0, when sunlight is collected, the surroundings heat up"
209,209,.,209.0,"216,0,0,0, when the sunlight is collected, the surroundings become hot"
210,210,Fire,210.0,"217,1,0, when sunlight is collected, the temperature of a particular part increases"
211,211,It catches fire.,211.0,"218,1,1,0, gathering sunlight will increase the temperature of a certain area"
212,212,The light is spreading,212.0,"219,1,0, when sunlight is collected, the temperature of a certain part increases"
213,213,It's on fire,213.0,"220, 1, 0, 0, When sunlight is collected, the temperature of a certain part increases"
214,214,The light is spreading,214.0,"221,1,1,0, when sunlight is collected, certain parts become hot"
215,215,"When you collect light with a turquoise stove, the light is strong.",215.0,"222,1,0, when sunlight is collected, certain parts will get hot"
216,216,"If you bring a paper-like burning substance to the sunlight gathered, it will burn.",216.0,"223,1,0, when sunlight is collected, certain parts become hot"
217,217,"Things are on fire, burned, or punctured.",217.0,"224,1,0, when sunlight is collected, certain parts become hot"
218,218,be burned by the sun,218.0,"225,0,0,0, the temperature of the part where sunlight gathers increases"
219,219,The part where sunlight is collected gets hot and causes a fire.,219.0,"226,1,0, the temperature of the part where the sunlight gathers will increase"
220,220,It's burning!,220.0,"227,1,0, the temperature of the part where sunlight gathers increases"
221,221,"It can catch fire, and in the case of paper, it creates holes.",221.0,"228,0,1,0, the temperature of the part where the sunlight gathers increases"
222,222,Paper burns if you do it on paper,222.0,"229,1,0, where the sunlight gathers, it gets hot"
223,223,The light is spreading,223.0,"230, 1, 0, 0, where the sunlight gathers, will get hot"
224,224,catch fire,224.0,"231,1,1,0, the area where the sunlight gathers becomes hot,"
225,225,A fire breaks out,225.0,"232,1,0, where the sunlight gathers, it gets hot"
226,226,The energy in the sunlight also gathers,226.0,"233,0,0,0, where the sunlight gathers, it gets hot"
227,227,matter burns,227.0,"234,1,0, where the sunlight has gathered, will be hot"
228,228,"If you collect sunlight on paper, it burns",228.0,"235,0,0,0, the area where the sunlight gathered becomes hot"
229,229,Light gathers and burns,229.0,"236,1,0, where the sunlight gathers, it gets hot"
230,230,It burns on paper,230.0,"237,1,1,0, where the sunlight gathers, the temperature increases"
231,231,I don't know.,231.0,"238,1,1,0, where the sunlight has gathered, the temperature will increase239,0,0,0, where sunlight gathers, the temperature increases"
232,232,It catches fire.,232.0,"240,0,0,0, where the sunlight gathers, the temperature increases"
233,233,the light bends,233.0,"241,1,0,0,,,"
234,234,It's burning?,234.0,"242,1,1,0,,,"
235,235,It's getting hot in the middle,235.0,"243,0,1,1,,,"
236,236,"As the shape of the keyhole appears, it burns if you collect sunlight for a long time on paper.",236.0,"244,0,0,1,,,"
237,237,The light does not refract.,237.0,"245,1,0,0,,,"
238,238,There's a rainbow,238.0,"246,0,0,0,,,"
239,239,It's burning,239.0,"247,0,0,0,,,"
240,240,"The bar is refracted by the convex lance, so the light goes to the other side.",240.0,"248,0,0,0,,,"
241,241,I think the light will be too bright because it's too bright.,241.0,"249,1,0,0,,,"
242,242,The color changes.,242.0,"250,0,0,0,,,"
243,243,The sun's light generates heat and heats up the collected part.,243.0,"251,1,1,0,,,"
244,244,I don't know,244.0,"252,1,1,1,,,"
245,245,I don't know.,245.0,"253,1,0,0,,,"
246,246,I don't know.,246.0,"254,0,0,0,,,"
247,247,It's on fire,247.0,"255,0,0,0,,,"
248,248,...,248.0,"256,1,0,0,,,"
249,249,Light gathers in one place and quickly heats up where the bar touches,249.0,"257,0,1,0,,,"
250,250,Light energy can gather in one place and burn matter,250.0,"258,1,1,0,,,"
251,251,The paper burns,251.0,"259,1,1,0,,,"
252,252,There's a white dot in the middle,252.0,"260,1,1,0,,,"
253,253,I can't gather,253.0,"261,1,1,0,,,"
254,254,There's a fire,254.0,"262,0,0,1,,,"
255,255,The light is gathering,255.0,"263,0,1,1,,,"
256,256,The temperature of the focal point where the light is gathered is increased,256.0,"264,1,0,0,,,"
257,257,Light gathers in one place and catches fire,257.0,"265,1,0,0,,,"
258,258,The light gathers to produce smoke,258.0,"266,0,1,0,,,"
259,259,"Where the light is gathered, the heat will rise",259.0,"267,0,0,1,,,"
260,260,It makes the light strong,260.0,"268,1,1,0,,,269,1,0,0,,,"
261,261,"Because convex lenses have the property of collecting light, collecting sunlight increases the intensity of light",261.0,"270,1,1,0,,,"
262,262,It's burning,262.0,"271,1,0,0,,,"
263,263,It catches fire.,263.0,"272,1,0,0,,,"
264,264,Gather in one place.,264.0,"273,0,0,0,,,"
265,265,The light gets stronger,265.0,"274,1,1,0,,,"
266,266,Strong heat is generated to bring light together into one place.,266.0,"275,1,1,0,,,"
267,267,Fire can be started when heat is needed to make fire.,267.0,"276,0,1,0,,,"
268,268,The light gathers in the middle and heats up,268.0,"277,1,1,0,,,"
269,269,Heat is generated,269.0,"278,0,0,0,,,"
270,270,You can light a piece of paper.,270.0,"279,1,1,0,,,"
271,271,?,271.0,"280,1,1,0,,,"
272,272,"If you collect sunlight on paper, it burns",272.0,"281,1,1,0,,,"
273,273,"Sunlight gathers, the temperature rises and smoke starts to burn.",273.0,"282,1,0,0,,,"
274,274,It can collect light.,274.0,"283,0,0,0,,,"
275,275,Only one place gets hot because of the concentration of sunlight,275.0,"284,0,0,0,,,"
276,276,I don't know.,276.0,"285,1,0,0,,,"
277,277,"The temperature at the gathering point increases, so if you hold the paper for a long time, the paper burns.",277.0,"286,1,0,0,,,"
278,278,Objects at the point where sunlight is collected can be burned by strong heat.,278.0,"287,0,0,0,,,"
279,279,Heat also gathers and the burning fibers catch fire.,279.0,"288,0,0,0,,,"
280,280,It's burning,280.0,"289,1,1,0,,,"
281,281,The prizes look different in size,281.0,"290,0,1,0,,,"
282,282,the spread of light,282.0,"291,1,0,0,,,"
283,283,A fire breaks out.,283.0,"292,0,0,0,,,"
284,284,It's on fire,284.0,"293,1,0,0,,,"
285,285,Sorry,285.0,"294,0,1,0,,,"
286,286,It's upside down,286.0,"295,1,0,0,,,"
287,287,Collected part is coveted,287.0,"296,0,1,0,,,"
288,288,Light gathers in one spot,288.0,"297,0,0,0,,,"
289,289,That part gets really hot,289.0,"298,1,0,0,,,299,1,0,0,,,"
290,290,Light travels in a straight line like a laser,290.0,"300,0,1,0,,,"
291,291,It gets hot and burns.,291.0,"301,1,1,0,,,"
292,292,Light gathers in one spot,292.0,"302,1,1,0,,,"
293,293,"If there's a material that catches fire, it catches fire",293.0,"303,1,1,0,,,"
294,294,"""The light gathers to one side",294.0,"304,1,1,0,,,"
295,295,"""",295.0,"305,1,0,0,,,"
296,296,I don't know.There's a fire,296.0,"306,1,0,0,,,"
297,297,"For example, if you collect sunlight on paper, it catches fire.",297.0,"307,0,1,0,,,"
298,298,"Because sunlight gathers at once, you can gather very powerful energyㅓ",298.0,"308,1,1,0,,,"
299,299,The sun's light is concentrated at a point and the temperature becomes very high.,299.0,"309,0,0,0,,,"
300,300,The part where the sunlight is collected and fired becomes hot.,300.0,"310,1,0,0,,,"
301,301,It's hot when you collect sunlight.,301.0,"311,1,0,0,,,"
302,302,The heat gathers in one place and the heat rises.,302.0,"312,1,0,0,,,"
303,303,to be able to light a piece of paper,303.0,"313,1,1,0,,,"
304,304,"First, keep it out of contact with the skin, and if you put it on the paper, it catch on fire.",304.0,"314,1,0,0,,,"
305,305,Sunlight gathers in the middle.,305.0,"315,1,0,0,,,"
306,306,"If you gather sunlight and put it on paper, the paper burns",306.0,"316,1,0,0,,,"
307,307,I don't know.,307.0,"317,0,1,1,,,"
308,308,Fire,308.0,"318,1,0,0,,,"
309,309,It's getting hotter.,309.0,"319,1,1,0,,,"
310,310,It's on fire,310.0,"320,1,0,0,,,"
311,311,Heat is generated in the area where sunlight is collected.,311.0,"321,0,1,0,,,"
312,312,"Closer to the paper, the paper burns.",312.0,"322,1,0,0,,,"
313,313,It's burning,313.0,"323,0,0,0,,,"
314,314,"If you put a piece of paper underneath it, smoke will come out and the paper will burn",314.0,"324,0,0,0,,,"
315,315,Collecting light and shooting it in the human eye can cause blindness.,315.0,"325,1,0,1,,,"
316,316,"If you're all together and keep shining, you burn something",316.0,"326,0,1,1,,,"
317,317,The gathering is hot,317.0,"327,1,1,0,,,"
318,318,High heat is generated.,318.0,"328,1,1,0,,,329,1,1,0,,,"
319,319,Come to the center,319.0,"330,1,1,0,,,"
320,320,"If there is paper underneath, it will catch fire.",320.0,"331,1,1,0,,,"
321,321,Sunlight spreads as it passes through the convex lens.,321.0,"332,1,1,0,,,"
322,322,h,322.0,"333,1,0,0,,,"
323,323,Light energy becomes stronger and paper can be burned.,323.0,"334,0,0,0,,,"
324,324,Light gathers to create powerful light,324.0,"335,0,0,0,,,"
325,325,The light is gathered and it gets hot,325.0,"336,1,0,0,,,"
326,326,Sunlight gathers in one place and has a temperature enough to burn a substance.,326.0,"337,0,0,0,,,"
327,327,"Because convex lenses have the property of collecting light, when light is collected, a straight line of light is emitted to the convex part of the convex lens, which can cause paper to burn.",327.0,"338,0,0,0,,,"
328,328,Bring the light collected from sunlight to the paper and it will burn.,328.0,"339,0,0,0,,,"
329,329,The light gathers and the temperature rises,329.0,"340,1,0,0,,,"
330,330,Heat is generated where the light is gathered,330.0,"341,0,0,0,,,"
331,331,It's on fire,331.0,"342,0,0,0,,,"
332,332,I don't know.,332.0,"343,0,1,0,,,"
333,333,I think it's going to get weird,333.0,"344,0,0,0,,,"
334,334,a fire boy,334.0,"345,1,1,0,,,"
335,335,I don't know,335.0,"346,0,1,0,,,"
336,336,I don't know,336.0,"347,0,0,0,,,"
337,337,I don't know,337.0,"348,0,1,0,,,"
338,338,It's getting hot. There's a fire,338.0,"349,0,0,0,,,"
339,339,Aha.,339.0,"350,1,0,0,,,"
340,340,I don't know,340.0,"351,0,0,0,,,"
341,341,paraphrased,341.0,"352,0,0,0,,,"
342,342,Light is coming out of the water,342.0,"353,0,0,0,,,"
343,343,A fire breaks out and gathers in the middle.,343.0,"354,0,0,0,,,"
344,344,The sunlight gathered on the convex lens is likely to refract and shine like a flash,344.0,"355,1,0,0,,,"
345,345,I don't know,345.0,"356,0,0,0,,,"
346,346,It refracts light.,346.0,"357,1,0,0,,,"
347,347,I don't know,347.0,"358,0,0,0,,,359,1,1,0,,,"
348,348,I think the convex lens will get very hot.,348.0,"360,1,0,0,,,"
349,349,I don't know,349.0,"361,0,1,0,,,"
350,350,I don't know,350.0,"362,1,0,0,,,"
351,351,I don't know,351.0,"363,0,0,0,,,"
352,352,"It's sticking out, so it's likely to reflect sunlight.",352.0,"364,1,0,0,,,"
353,353,A fire could break out,353.0,"365,1,0,0,,,"
354,354,The object looks big.,354.0,"366,0,0,0,,,"
355,355,A substance that burns like Joy burns,355.0,"367,1,0,0,,,"
356,356,The light spreads.,356.0,"368,1,0,0,,,"
357,357,The temperature of the sun's point rises.,357.0,"369,0,0,0,,,"
358,358,There's a fire,358.0,"370,0,0,0,,,"
359,359,Light gathers in one place,359.0,"371,1,1,0,,,"
360,360,The surroundings are getting hot,360.0,"372,1,1,0,,,"
361,361,ㅌ차ㅛㅕㅡㅗㅊㅇ셔7ㅏㅇ셔,361.0,"373,1,0,1,,,"
362,362,The paper burns,362.0,"374,1,0,0,,,"
363,363,The paper burns,363.0,"375,0,0,0,,,"
364,364,C and D. 235 33,364.0,"376,1,1,0,,,"
365,365,It's on fire,365.0,"377,1,1,0,,,"
366,366,The object is getting hot,366.0,"378,1,1,0,,,"
367,367,h,367.0,"379,1,0,1,,,"
368,368,h,368.0,"380,1,0,0,,,"
369,369,The place where the sunlight gathers catches fire.,369.0,"381,1,0,1,,,"
370,370,Light can gather in one place and cause a fire,370.0,"382,0,0,1,,,"
371,371,The light intensifies and the temperature rises,371.0,"383,1,1,0,,,"
372,372,It's burning,372.0,"384,0,1,0,,,"
373,373,h,373.0,"385,1,1,0,,,"
374,374,The heat of sunlight may gather in the middle of the convex lens and cause a fire,374.0,"386,1,0,0,,,"
375,375,Sunlight gathers and a fire breaks out,375.0,"387,1,0,0,,,"
376,376,It gets hot in one place,376.0,"388,0,1,0,,,389,0,1,0,,,"
377,377,The spot shines more and the temperature rises.,377.0,"390,1,0,0,,,"
378,378,"If you grind paper, it burns",378.0,"391,0,1,0,,,"
379,379,One place gets brighter and hotter,379.0,"392,1,0,0,,,"
380,380,The light is so bright!,380.0,"393,1,0,0,,,"
381,381,"If light is collected at a point by a convex lens, it can burn something with the collected light.",381.0,"394,0,1,0,,,"
382,382,Light will gather in one place.,382.0,"395,0,1,1,,,"
383,383,Light refracts.,383.0,"396,0,1,0,,,"
384,384,"The longer the time, the higher the temperature.",384.0,"397,1,0,0,,,"
385,385,"When sunlight is collected, non-burning things such as soil will heat up and catch fire with watery substances such as in front of trees",385.0,"398,1,1,0,,,"
386,386,Light gathers in one place.,386.0,"399,1,1,0,,,"
387,387,Sunlight refracts.,387.0,"400,1,1,0,,,"
388,388,The black paper burns.,388.0,"401,1,0,0,,,"
389,389,Light gathers.,389.0,"402,0,0,0,,,"
390,390,The bottom part is slightly burnt,390.0,"403,0,0,0,,,"
391,391,It's going to get hot,391.0,"404,0,0,0,,,"
392,392,"When sunlight is collected with a convex lens, light is refracted in the middle of the thick sunlight, and when you put something like paper in front of the convex lens, sunlight gathers in the middle.",392.0,"405,0,0,0,,,"
393,393,Sunlight gathers in the middle and brightens up the area.,393.0,"406,1,1,1,,,"
394,394,Light gathers in one place,394.0,"407,0,1,0,,,"
395,395,There's a fire.The light gathers in the middle and the temperature rises,395.0,"408,0,1,0,,,"
396,396,"Sunlight gathers in the middle, raising the temperature in that part. That is, if you put paper on it, you will ride it.",396.0,"409,0,1,1,,,"
397,397,Collecting sunlight heats up and burns if there is paper underneath.,397.0,"410,1,0,0,,,"
398,398,It's about to catch fire.,398.0,"411,0,0,0,,,"
399,399,I think the light will reflect,399.0,"412,0,1,0,,,"
400,400,h,400.0,"413,1,0,0,,,"
401,401,I can see it better,401.0,"414,1,0,0,,,"
402,402,The convex lens is round in the middle and then becomes smaller.,402.0,"415,1,0,0,,,"
403,403,The place where the light gathers gets hot and bright.,403.0,"416,1,1,0,,,"
404,404,The light gathers in the middle.,404.0,"417,0,1,0,,,"
405,405,Light is refracted and gathered in the thick middle.,405.0,"418,1,0,0,,,419,0,1,0,,,"
406,406,"Sunlight gathers in one place, and the place is strongly illuminated.",406.0,"420,1,0,0,,,"
407,407,There's a fire,407.0,"421,1,0,0,,,"
408,408,There's light,408.0,"422,1,1,0,,,"
409,409,The sunlight will gather at a small point.,409.0,"423,1,0,0,,,"
410,410,There's a fire.,410.0,"424,0,1,0,,,"
411,411,"You can burn paper, etc.",411.0,"425,0,1,0,,,"
412,412,"If the sun is hot, there will be a fire.",412.0,"426,0,1,0,,,"
413,413,"If the sunlight is in the middle and there is an object in front of it, the object burns.",413.0,"427,0,1,0,,,"
414,414,It is likely to be bigger than the amount of sunlight collected.,414.0,"428,0,1,0,,,"
415,415,I think there's going to be a fire,415.0,"429,0,0,0,,,"
416,416,Light gathers in the middle.,416.0,"430,1,1,0,,,"
417,417,Paper burns,417.0,"431,1,0,0,,,"
418,418,One part burns.,418.0,"432,0,0,0,,,"
419,419,The place where the sunlight gathers gets hot.,419.0,"433,0,0,0,,,"
420,420,Something burns.,420.0,"434,0,0,0,,,"
421,421,Sunlight gathers into small dots.,421.0,"435,0,1,0,,,"
422,422,Light will gather in one place.,422.0,"436,0,1,0,,,"
423,423,"The properties of convex lenses are convex in the middle, so I think light will pass through the middle",423.0,"437,1,0,0,,,"
424,424,"When you collect sunlight with a convex lens, the light comes into one place.",424.0,"438,0,1,0,,,"
425,425,Light will gather in one place.,425.0,"439,0,0,0,,,"
426,426,I think it's going to stretch out,426.0,"440,0,1,0,,,"
427,427,Heat gathers to create a fire,427.0,"441,1,1,0,,,"
428,428,A fire breaks out.,428.0,"442,0,1,0,,,"
429,429,The light is spreading,429.0,"443,0,0,0,,,"
430,430,The light spreads.,430.0,"444,1,0,0,,,"
431,431,Sunlight gathers to form a dot.,431.0,"445,0,0,0,,,"
432,432,The sunlight is likely to gather in the middle.,432.0,"446,0,1,0,,,"
433,433,The light is refracted,433.0,"447,0,1,0,,,"
434,434,A fire breaks out,434.0,"448,1,1,0,,,449,1,1,0,,,"
435,435,The light is gathering,435.0,"450,0,0,0,,,"
436,436,The light is reflected off,436.0,"451,1,1,0,,,"
437,437,It's refracting,437.0,"452,1,0,0,,,"
438,438,Sunlight gathers and burns underneath,438.0,"453,1,1,0,,,"
439,439,Light will refract like the surface of the water.So the light will spread.,439.0,"454,1,0,0,,,"
440,440,Sunlight is reflected,440.0,"455,1,1,0,,,"
441,441,It's burning,441.0,"456,0,0,0,,,"
442,442,I don't understand.,442.0,"457,1,0,0,,,"
443,443,Collecting light,443.0,"458,0,1,0,,,"
444,444,"A convex lens is something that refracts light so that it can be seen, and when the light is collected, the light will be seen larger.",444.0,"459,1,0,0,,,"
445,445,Light gathers and fires.,445.0,"460,0,1,0,,,"
446,446,"If you collect sunlight on black paper, you can start a fire.",446.0,"461,1,0,0,,,"
447,447,I don't understand.,447.0,"462,1,0,0,,,"
448,448,The direction in which the sunlight gathers gets hot.,448.0,"463,0,1,0,,,"
449,449,It's getting hot,449.0,"464,1,1,0,,,"
450,450,Sunlight will be collected to generate heat,450.0,"465,0,1,0,,,"
451,451,It's going to get hot.,451.0,"466,0,1,0,,,"
452,452,There will be heat at the point where the light gathers,452.0,"467,1,1,0,,,"
453,453,Sunlight is reflected,453.0,"468,1,0,0,,,"
454,454,"The reflected sunlight is hot, so it can get hot if you bring Joy",454.0,"469,0,0,0,,,"
455,455,It's refracting,455.0,"470,1,1,0,,,"
456,456,Fire,456.0,"471,1,1,0,,,"
457,457,Reflection,457.0,"472,1,0,0,,,"
458,458,a topic comes up,458.0,"473,1,0,0,,,"
459,459,"If there is anything that can be burned, it will catch fire.",459.0,"474,0,1,1,,,"
460,460,The light is gathering,460.0,"475,1,1,0,,,"
461,461,The place with the most light is burning,461.0,"476,0,0,1,,,"
462,462,The light is gathering,462.0,"477,0,1,0,,,"
463,463,Sunlight gathers and spreads,463.0,"478,0,1,0,,,479,0,0,0,,,"
464,464,The light gathers and heats up,464.0,"480,0,0,0,,,"
465,465,The thing in front of the convex lens is going to burn.,465.0,"481,0,0,0,,,"
466,466,It looks big.,466.0,"482,0,0,0,,,"
467,467,The place where the sun is gathered will catch fire.,467.0,"483,1,0,0,,,"
468,468,the sun's rays set in the middle,468.0,"484,0,0,1,,,"
469,469,It's burning,469.0,"485,1,0,0,,,"
470,470,It's about to be a fire,470.0,"486,1,0,0,,,"
471,471,The light is brought together and the light becomes stronger.,471.0,"487,0,0,0,,,"
472,472,"If you collect sunlight with block lenses, the point where sunlight is collected is likely to burn.",472.0,"488,0,0,0,,,"
473,473,The light gets stronger.,473.0,"489,0,0,0,,,"
474,474,We gather in one place,474.0,"490,0,0,0,,,"
475,475,"As the light gathers in the middle of the convex land, the light becomes smaller and larger again",475.0,"491,0,0,0,,,"
476,476,The light looks round,476.0,"492,0,0,0,,,"
477,477,I expect all the light to burst,477.0,"493,0,0,0,,,"
478,478,The light keeps getting bigger,478.0,"494,0,0,0,,,"
479,479,The light is getting smaller and bigger.,479.0,"495,0,0,0,,,"
480,480,"If you do it for a long time, it will burn.",480.0,"496,1,0,0,,,"
481,481,The light becomes stronger.,481.0,"497,0,0,0,,,"
482,482,I think there's going to be a fire,482.0,"498,1,0,0,,,"
483,483,It burns over time.,483.0,"499,0,0,0,,,"
484,484,I don't know,484.0,"500,1,0,0,,,"
485,485,I don't know,485.0,"501,0,0,0,,,"
486,486,I don't know,486.0,"502,0,0,0,,,"
487,487,I don't know,487.0,"503,1,0,0,,,"
488,488,I don't know,488.0,"504,0,1,0,,,"
489,489,I don't know,489.0,"505,0,0,0,,,"
490,490,I don't know,490.0,"506,0,0,0,,,"
491,491,I don't know,491.0,"507,1,0,0,,,"
492,492,I don't understand.,492.0,"508,0,1,0,,,509,0,0,0,,,"
493,493,There's a fire.,493.0,"510,0,0,0,,,"
494,494,It reflects light.The edges are burning,494.0,"511,0,0,0,,,"
495,495,I don't know.,495.0,"512,0,1,0,,,"
496,496,The place where the light touches will get hot.,496.0,"513,0,1,0,,,"
497,497,Reflects the light,497.0,"514,1,0,0,,,"
498,498,I don't know,498.0,"515,1,1,0,,,"
499,499,"""There is smoke coming out of an object or picking it up",499.0,"516,1,1,0,,,"
500,500,"""",500.0,"517,1,0,0,,,"
501,501,The light is gathering in the middle...,501.0,"518,0,1,0,,,"
502,502,I don't know.,502.0,"519,0,0,0,,,"
503,503,The light is bending,503.0,"520,1,0,0,,,"
504,504,There's a fire,504.0,"521,0,1,0,,,"
505,505,I don't think the light will come to my eyes because it's refracted,505.0,"522,1,0,0,,,"
506,506,I think my eyesight will get worse.,506.0,"523,1,0,0,,,"
507,507,I don't know.,507.0,"524,0,1,0,,,"
508,508,I don't know.,508.0,"525,0,0,0,,,"
509,509,gather in one place,509.0,"526,0,1,0,,,"
510,510,It refracts upward when the sunlight of the block lens touches it.,510.0,"527,0,0,0,,,"
511,511,It's burning,511.0,"528,1,0,0,,,"
512,512,The sun gathers and heats up the spot,512.0,"529,1,0,0,,,"
513,513,The spot where the sunlight is gathered turns black.,513.0,"530,0,0,0,,,"
514,514,I think the block lens will be hot,514.0,"531,1,1,0,,,"
515,515,The convex lens gathers light in the middle.,515.0,"532,1,1,0,,,"
516,516,I don't know.,516.0,"533,1,1,0,,,"
517,517,There's smoke,517.0,"534,1,1,0,,,"
518,518,"As the sunlight gathers, the light turns white",518.0,"535,1,1,0,,,"
519,519,"If you leave the paper under the convex lens, the paper can burn.",519.0,"536,1,1,0,,,"
520,520,It gets hot in the sun.,520.0,"537,1,1,0,,,"
521,521,The sun shines in one place,521.0,"538,1,1,1,,,539,1,1,0,,,"
522,522,It's bending to the side by side,522.0,"540,1,1,0,,,"
523,523,It refracts light.,523.0,"541,1,1,1,,,"
524,524,Blow out the sunlight.,524.0,"542,0,1,0,,,"
525,525,"If you put paper under the convex lens, it will burn.",525.0,"543,1,1,0,,,"
526,526,There's a fire.,526.0,"544,0,1,0,,,"
527,527,Light,527.0,"545,0,0,0,,,"
528,528,Collecting sunlight with convex lenses will heat up the light collection.,528.0,"546,1,1,0,,,"
529,529,The heat is concentrated in the hot pot and the temperature rises.,529.0,"547,0,1,0,,,"
530,530,A lot of sunlight gathers in the thick middle and generates enough energy to burn paper.,530.0,"548,1,1,0,,,"
531,531,"When the sunlight of the convex lens passes, it gathers at the focal point, which is a virtual point.  Therefore, if paper is close to the place where light gathers, a large amount of heat can be generated and a fire can occur.",531.0,"549,1,1,1,,,"
532,532,"Sunlight refracts toward one focus and gathers in focus. Therefore, the thermal energy of the focus increases. If there is any combustible material, such as paper, at that point, the sun catches fire. It would be very bad for eye health if there were eyes in that part of the focus.",532.0,"550,1,1,1,,,"
533,533,"As sunlight is refracted and collected through the convex lens, the area where the light is collected and coming in will become hot",533.0,"551,1,1,0,,,"
534,534,Sunlight gathers in one spot. It can burn paper or fallen leaves.,534.0,"552,1,1,0,,,"
535,535,"Because the middle part is thicker than the edge part, it has the property of refracting light, so light can be collected in the middle.  When light is collected, the part that receives the collected light receives a large amount of light energy, so it can be heated and even lit.",535.0,"553,1,1,0,,,"
536,536,"Because the center is thicker than the edge, if the direction of the light is gathered to one side to collect sunlight, the temperature of the collected sunlight will be hotter",536.0,"554,0,1,1,,,"
537,537,"Sunlight is a very strong light. If you collect the amount of energy that can heat the entire Earth even when it is spread through a convex lens, you will be able to do things that require a lot of heat energy, such as making a fire with a strong concentration of energy or heating food.",537.0,"555,1,1,0,,,"
538,538,"Light energy is collected at the focal point of the lens, converted into thermal energy, and the temperature of the focal point where light gathers increases.",538.0,"556,1,0,0,,,"
539,539,"When sunlight passes through a convex lens, light will be able to converge into the focus and gather more solar energy in a narrow space.",539.0,"557,0,1,0,,,"
540,540,"It refracts light and brings it together into a single point, and when you focus on black paper under the sun, it's used to burn something and raise the temperature, as an example of the paper burning around that part",540.0,"558,1,0,0,,,"
541,541,"Since solar energy is concentrated in focus, higher energy can be transferred to a narrow space.",541.0,"559,1,1,0,,,"
542,542,I don't remember the knowledge of convex lenses,542.0,"560,1,1,0,,,"
543,543,"Solar radiation energy gathers in one place due to the refraction of the convex lens, and it heats up as it gathers in one place. If paper, which is a material for burning, is placed in a place where sunlight is collected with a convex lens, energy gathers and reaches the firing temperature, causing a fire.",543.0,"561,1,0,0,,,"
544,544,The sunlight refracts and gathers in one spot.,544.0,"562,1,0,0,,,"
545,545,"When you collect sunlight with convex lenses, the lenses on the receiving side refract the light and change the path outward, and the lenses on the opposite side change the path back in, eventually converging the sunlight into a single point, which can help create fire or look closely at matter.",545.0,"563,1,1,0,,,"
546,546,"Light passing through the edge of the convex lens is refracted sideways, and light passing through the center is incident in a straight line.  Therefore, it serves to collect light incident from various directions into one point. The energy of light is the same, but the energy of light per unit area is very high because the range in which it acts is reduced to one point. It can also burn other objects.",546.0,"564,0,1,0,,,"
547,547,"Light refracts to the slower side, and when light from the air enters the lens, it slows down in the middle, which is relatively thicker than at the edge, so the light refracts to the middle. Therefore, sunlight can concentrate light energy and thermal energy into one part by gathering into the middle part.",547.0,"565,0,1,0,,,"
548,548,"Convex lenses have the property of collecting light into one place. Therefore, when light is collected using a convex lens, light gathers in one place and generates heat. As heat is generated, the part where light is collected may catch fire or cause soot.",548.0,"566,0,1,0,,,"
549,549,"When sunlight is collected with convex lenses, sunlight gathers at one point.  The light passing through the top of the convex lens is refracted in a downward direction, the center is refracted in a straight line, and the bottom is refracted in an upward direction, so that light gathers at one point.",549.0,"567,1,0,0,,,"
550,550,"When sunlight is collected through a convex lens, light is collected in one focus. If you continue to shine sunlight on the convex lens, a large amount of heat will be collected in one focus. If this heat gathers more than a certain level, a fire is expected.",550.0,"568,1,0,0,,,569,1,1,0,,,"
551,551,"A convex lens refracts light and passes through a point, and this property can collect sunlight. Because of this, it is possible to collect brighter light than the surroundings.",551.0,"570,1,0,0,,,"
552,552,"""If you reflect light elsewhere, it heats up where it is reflected.",552.0,"571,1,0,0,,,"
553,553,"It's on fire.""",553.0,"572,1,1,0,,,"
554,554,It's hot,554.0,"573,0,0,1,,,"
555,555,The sunlight gathers in the middle,555.0,"574,1,0,0,,,"
556,556,It's getting hot,556.0,"575,0,0,0,,,"
557,557,The temperature rises at the point where the sunlight gathers,557.0,"576,1,0,0,,,"
558,558,Light and heat will come together.,558.0,"577,0,0,0,,,"
559,559,Heat generation,559.0,"578,1,0,0,,,"
560,560,It's very hot when you collect sunlight,560.0,"579,0,1,0,,,"
561,561,Gather more heat,561.0,"580,1,0,0,,,"
562,562,The sunlight is gathering,562.0,"581,0,0,1,,,"
563,563,Gather up,563.0,"582,1,0,0,,,"
564,564,Light gathers in the middle.,564.0,"583,0,1,0,,,"
565,565,Black paper catches fire,565.0,"584,1,0,0,,,"
566,566,There's a fire,566.0,"585,1,0,0,,,"
567,567,The temperature of the sunlight collection increases.,567.0,"586,1,0,0,,,"
568,568,It's burning,568.0,"587,0,1,0,,,"
569,569,"If you put it on the paper, it catches fire",569.0,"588,1,1,0,,,"
570,570,"Sunlight gathers in the middle, heat concentrates, and the temperature of the heat-burning material will rise",570.0,"589,1,0,0,,,"
571,571,The light is getting stronger,571.0,"590,1,0,0,,,"
572,572,There's a fire,572.0,"591,1,1,0,,,"
573,573,I don't know.,573.0,"592,1,0,0,,,"
574,574,There's a fire,574.0,"593,0,1,0,,,"
575,575,The sunlight is not gathering.,575.0,"594,0,1,0,,,"
576,576,It's on fire,576.0,"595,1,0,0,,,"
577,577,Light gathers in one place.,577.0,"596,0,1,0,,,"
578,578,It can burn black objects.,578.0,"597,0,0,0,,,"
579,579,The light is shining,579.0,"598,1,0,0,,,599,0,0,0,,,"
580,580,It's burning,580.0,"600,0,0,0,,,"
581,581,"Rather than collecting evenly as a whole, light will concentrate on the thick part in the middle.",581.0,"601,1,0,0,,,"
582,582,The temperature of the heat will rise and catch fire.,582.0,"602,1,0,0,,,"
583,583,There's a fire,583.0,"603,0,0,0,,,"
584,584,There is a danger of fire.,584.0,"604,1,1,0,,,"
585,585,The focus could be centered.,585.0,"605,0,0,0,,,"
586,586,Light gathers in one place and heats up,586.0,"606,1,0,0,,,"
587,587,It's getting hot,587.0,"607,1,0,0,,,"
588,588,There's a fire,588.0,"608,1,1,0,,,"
589,589,"Solar energy is concentrated at one point, and the temperature of the concentrated point rises.",589.0,"609,1,1,0,,,"
590,590,One part is getting hot. Burn ants with magnifying glass,590.0,"610,1,1,0,,,"
591,591,The light energy of sunlight gathers at a point and is higher than in normal conditions.,591.0,"611,1,0,0,,,"
592,592,Sunlight is gathering,592.0,"612,1,1,0,,,"
593,593,There's a fireThe light is gathering,593.0,"613,1,1,0,,,"
594,594,I don't know.,594.0,"614,1,1,0,,,"
595,595,It's getting hot,595.0,"615,0,0,0,,,"
596,596,I'm going to fart,596.0,"616,0,1,0,,,"
597,597,I don't know,597.0,"617,0,1,1,,,"
598,598,The paper burns,598.0,"618,0,1,0,,,"
599,599,fire,599.0,"619,0,1,0,,,"
600,600,I do not remember.,600.0,"620,1,1,0,,,"
601,601,Light gathers to generate heat,601.0,"621,1,1,0,,,"
602,602,to spread further,602.0,"622,1,1,0,,,"
603,603,to be able to burn many things,603.0,"623,1,1,0,,,"
604,604,be lit by the sun,604.0,"624,1,1,0,,,"
605,605,High energy is collected and paper can be burned.,605.0,"625,1,0,0,,,"
606,606,"The heat is collected and smoke is produced, creating a fire",606.0,"626,0,0,0,,,"
607,607,"""Large area heat concentrates on narrow areas or spreads to larger areas",607.0,"627,0,0,0,,,"
608,608,"When concentrated, the heat is high enough to burn paper that didn't burn",608.0,"628,1,0,0,,,629,1,0,0,,,"
609,609,"If it spreads to a larger area, the heat in the area where the light touches is likely to be lower than the first""",609.0,"630,1,0,0,,,"
610,610,to be able to burn matter,610.0,"631,1,1,0,,,"
611,611,"Radiation heat from sunlight is concentrated in one place, and the temperature there rises.",611.0,"632,1,0,0,,,"
612,612,Light gathers at a certain point.,612.0,"633,1,0,0,,,"
613,613,The temperature of the collection increases.,613.0,"634,1,0,0,,,"
614,614,I don't know.,614.0,"635,1,1,0,,,"
615,615,The amount of energy collected is concentrated in one point.,615.0,"636,1,0,0,,,"
616,616,Sunlight gathers and strengthens.,616.0,"637,1,0,0,,,"
617,617,I don't know,617.0,"638,1,0,0,,,"
618,618,the gathering of sunlight,618.0,"639,0,1,0,,,"
619,619,The light gathers and the place where the light gathers gets hot.,619.0,"640,1,0,0,,,"
620,620,The temperature of something in focus rises,620.0,"641,1,0,0,,,"
621,621,"If you collect sunlight with convex lenses, energy is concentrated, so you can ride black paper or ants.",621.0,"642,1,0,0,,,"
622,622,"When you put an object in focus, it catches fire.",622.0,"643,0,1,0,,,"
623,623,"A point where light gathers at a point is created, which increases the temperature.",623.0,"644,0,1,0,,,"
624,624,a fire could break out,624.0,"645,0,0,0,,,"
625,625,Let's see. Sexy,625.0,"646,1,1,0,,,"
626,626,Things look different.,626.0,"647,0,1,0,,,"
627,627,There's smoke.,627.0,"648,1,1,0,,,"
628,628,It heats up with smokeAnd there's a fire,628.0,"649,1,0,0,,,"
629,629,There will be a fire.,629.0,"650,1,0,0,,,"
630,630,Sunlight gathers well to generate heat.,630.0,"651,1,1,0,,,"
631,631,The temperature rises,631.0,"652,0,0,0,,,"
632,632,The embers are growing.,632.0,"653,1,1,0,,,"
633,633,The seat burns,633.0,"654,1,0,0,,,"
634,634,"Because light gathers at one point and heat energy gathers, it can light up.",634.0,"655,1,1,0,,,"
635,635,Paper can burn if you put it on paper.,635.0,"656,1,0,0,,,"
636,636,I think the light will be really hot.,636.0,"657,1,0,0,,,"
637,637,There's a fire,637.0,"658,1,0,0,,,659,1,0,0,,,"
638,638,Energy gathers in one place.,638.0,"660,1,0,0,,,"
639,639,It's about to be a fire,639.0,"661,0,1,0,,,"
640,640,It's on fire,640.0,"662,0,1,0,,,"
641,641,There's a fire,641.0,"663,1,1,0,,,"
642,642,Sunlight gathers in one place.,642.0,"664,1,1,0,,,"
643,643,"At one point, all the light that reaches the area of the convex lens is collected.",643.0,"665,1,0,0,,,"
644,644,I can see it well,644.0,"666,1,1,0,,,"
645,645,The collected part gets hot.,645.0,"667,0,0,0,,,"
646,646,Sunlight is concentrated in the middle.,646.0,"668,1,1,0,,,"
647,647,"The light is concentrated in one place and receives a lot of heat there, so the concentrated part may burn",647.0,"669,1,0,0,,,"
648,648,There's a fire.,648.0,"670,1,0,0,,,"
649,649,"When I see the sunlight, my eyes sting and I feel like I'm going to get rid of them, and I feel hot and paper-like burns",649.0,"671,0,1,0,,,"
650,650,The temperature of the part where the light is gathered increases.,650.0,"672,0,1,0,,,"
651,651,I can see it better,651.0,"673,1,0,0,,,"
652,652,The temperature of the sun's spots will rise,652.0,"674,1,0,0,,,"
653,653,The temperature rises,653.0,"675,0,1,0,,,"
654,654,The light gathers and heats up.,654.0,"676,1,0,0,,,"
655,655,"If you leave an object and reflect the sunlight as it is, the object burns.",655.0,"677,1,0,0,,,"
656,656,The sunlit part of the convex lens will burn.,656.0,"678,1,0,0,,,"
657,657,Fire or shadow,657.0,"679,0,0,0,,,"
658,658,The convex lens can burn ants if they collect sunlight weaker than the light from the Park Geun Hye princess.,658.0,"680,0,1,1,,,"
659,659,It gets hot and there's smoke and fire,659.0,"681,1,0,0,,,"
660,660,Only the middle part of the sun is likely to gather.,660.0,"682,0,1,0,,,"
661,661,Light gathers in one place,661.0,"683,0,0,0,,,"
662,662,The surroundings of the gathered light burn.,662.0,"684,1,0,0,,,"
663,663,The sunburned part burns,663.0,"685,1,1,0,,,"
664,664,Fever can cause burns.,664.0,"686,1,0,0,,,"
665,665,"When sunlight gathers, light gathers, and when sunlight gathers, heat from the sun gathers and catches fire.",665.0,"687,1,0,0,,,"
666,666,Bar,666.0,"688,0,1,0,,,689,1,1,0,,,"
667,667,The temperature rises at the gathering point and burns.,667.0,"690,1,0,0,,,"
668,668,heat generation,668.0,"691,1,1,0,,,"
669,669,There's a fire,669.0,"692,1,1,0,,,"
670,670,Light gathers in one place,670.0,"693,1,1,0,,,"
671,671,be gathered at one point,671.0,"694,1,1,0,,,"
672,672,the temperature rises,672.0,"695,1,0,0,,,"
673,673,It's getting hot,673.0,"696,1,0,0,,,"
674,674,The light is gathering,674.0,"697,1,0,0,,,"
675,675,It's on fire,675.0,"698,1,1,0,,,"
676,676,It's burning,676.0,"699,1,0,0,,,"
677,677,There's a fire,677.0,"700,1,1,0,,,"
678,678,I don't know.,678.0,"701,1,1,0,,,"
679,679,The intensity of the light that gathers at one point becomes stronger,679.0,"702,1,1,0,,,"
680,680,It's getting hot,680.0,"703,1,1,0,,,"
681,681,The energy is gathered in one point,681.0,"704,1,0,0,,,"
682,682,I can see it well,682.0,"705,1,1,0,,,"
683,683,There's a fire.,683.0,"706,1,1,0,,,"
684,684,Sunlight gathers in the middle and burns.,684.0,"707,1,1,0,,,"
685,685,Fireworks form,685.0,"708,1,1,0,,,"
686,686,be heated up,686.0,"709,1,0,1,,,"
687,687,Light gathers in the middle of the convex lens.,687.0,"710,1,1,0,,,"
688,688,to be able to burn something by the concentration of light,688.0,"711,1,1,0,,,"
689,689,Heat it up so it can burn.,689.0,"712,1,0,0,,,"
690,690,The collected part burns,690.0,"713,1,1,0,,,"
691,691,"The convex lens collects light into one place and generates heat, which can cause a fire if left for a long time",691.0,"714,0,1,0,,,"
692,692,Collecting light on paper catches fire.The light that passes through the convex lens will be collected and the paper-like material will burn.,692.0,"715,1,1,0,,,"
693,693,The paper burns / It gets hot,693.0,"716,1,1,0,,,"
694,694,It's on fire,694.0,"717,1,0,0,,,"
695,695,The paper burns,695.0,"718,0,1,0,,,719,1,1,0,,,"
696,696,Collecting light on paper catches fire.,696.0,"720,1,1,0,,,"
697,697,"If you continue to collect sunlight, you will catch fire.",697.0,"721,1,1,0,,,"
698,698,"When light passing through the convex lens gathers, materials such as paper burn.",698.0,"722,1,1,0,,,"
699,699,"When light passing through the convex lens gathers, materials such as paper burn.",699.0,"723,1,0,0,,,"
700,700,"When light passing through the convex lens gathers, materials such as paper burn.",700.0,"724,1,0,0,,,"
701,701,"Because convex lenses refract light, light is gathered to one side and the temperature of the paper will rise to the point of ignition.",701.0,"725,0,0,0,,,"
702,702,"If you put the paper under it, flames, fire, and smoke can come out of the paper.",702.0,"726,0,0,0,,,"
703,703,The light is gathered and burned,703.0,"727,0,0,0,,,"
704,704,Convex lenses can catch fire because light gathers in one place,704.0,"728,1,0,0,,,"
705,705,Smoke comes from where the light is gathered.,705.0,"729,1,0,0,,,"
706,706,"Where the light is gathered, there is smoke and then a fire",706.0,"730,0,1,0,,,"
707,707,Brightness changes and temperatures increase.,707.0,"731,1,0,0,,,"
708,708,"If you shoot a convex lens with light gathered on a white paper, the white paper burns",708.0,"732,1,0,0,,,"
709,709,"If you put it on black paper and shoot it, it'll burn. It'll take about an hour for a man to warm up",709.0,"733,1,1,0,,,"
710,710,"When the convex lens is illuminated on the white paper, the heat rises and burns on the white paper.",710.0,"734,1,1,0,,,"
711,711,"When you shoot a bullock lens with a collection of leaves on a white paper, the paper catches fire.",711.0,"735,0,0,0,,,"
712,712,Light gathers in the middle,712.0,"736,0,0,0,,,"
713,713,"By collecting light with a convex lens, the object in the middle of the convex lens burns.",713.0,"737,1,0,0,,,"
714,714,"What happens when you collect sunlight with a convex lens is that you can collect sunlight with a convex lens, so if you put it in one place and wait, the object burns",714.0,"738,1,1,0,,,"
715,715,Heat is generated,715.0,"739,0,0,0,,,"
716,716,Light gathers in the middle,716.0,"740,0,1,0,,,"
717,717,Sunlight gathers and the matter burns.,717.0,"741,0,0,0,,,"
718,718,The part where the light is gathered starts to burn.,718.0,"742,0,0,0,,,"
719,719,"Where the sunlight gathers, it catches fire.",719.0,"743,0,0,0,,,"
720,720,Sunlight gathers to generate heat,720.0,"744,0,0,0,,,"
721,721,It's on fire,721.0,"745,0,0,1,,,"
722,722,It's burning,722.0,"746,1,1,0,,,"
723,723,Sunlight is dispersed,723.0,"747,1,0,0,,,"
724,724,Sunlight is dispersed,724.0,"748,1,0,0,,,749,1,0,0,,,"
725,725,I don't know.,725.0,"750,1,0,0,,,"
726,726,The temperature is going up,726.0,"751,1,0,0,,,"
727,727,There's a fire,727.0,"752,1,1,0,,,"
728,728,Light gathers in one place,728.0,"753,0,1,0,,,"
729,729,It's on fire,729.0,"754,1,0,0,,,"
730,730,There's a fire,730.0,"755,1,0,0,,,"
731,731,Hot light forms in one place.,731.0,"756,0,1,0,,,"
732,732,Hot light forms in one place.,732.0,"757,1,1,0,,,"
733,733,The light is spreading.,733.0,"758,0,1,0,,,"
734,734,The light is reflected.,734.0,"759,1,0,0,,,"
735,735,The temperature rises at that point.,735.0,"760,0,0,0,,,"
736,736,The light gathers and the temperature of the gathered area rises,736.0,"761,1,0,0,,,"
737,737,The light spreads.,737.0,"762,1,0,0,,,"
738,738,Light gathers in one place,738.0,"763,0,1,0,,,"
739,739,apply properties to convex lenses,739.0,"764,0,1,0,,,"
740,740,I don't know,740.0,"765,0,1,0,,,"
741,741,I don't know.,741.0,"766,1,0,0,,,"
742,742,I don't know.,742.0,"767,1,0,0,,,"
743,743,"If you look at it, it's my real name",743.0,"768,1,0,0,,,"
744,744,Intensive heat transfer,744.0,"769,1,1,0,,,"
745,745,It's getting hot,745.0,"770,0,0,1,,,"
746,746,to be able to ride,746.0,"771,1,1,0,,,"
747,747,It's on fire,747.0,"772,1,0,0,,,"
748,748,Fire,748.0,"773,1,0,0,,,"
749,749,The heat gathers and the fire breaks out,749.0,"774,1,0,0,,,"
750,750,"Where the sunlight gathers, the substances burn",750.0,"775,1,0,0,,,"
751,751,Light gathers in one place,751.0,"776,0,1,0,,,"
752,752,There's a fire,752.0,"777,0,1,0,,,"
753,753,heat generation,753.0,"778,1,1,0,,,779,0,0,0,,,"
754,754,Collect a wide range of light into one place.,754.0,"780,0,0,0,,,"
755,755,Light can be concentrated in one place and burn an object.,755.0,"781,0,0,0,,,"
756,756,Light gathers at a point.,756.0,"782,1,0,0,,,"
757,757,It's on fire.,757.0,"783,0,1,1,,,"
758,758,I can see your eyes well You can see the refracted light coming into the retina as it gets into your eyes,758.0,"784,0,1,0,,,"
759,759,to be able to burn ants,759.0,"785,0,0,0,,,"
760,760,There's a fire,760.0,"786,1,0,0,,,"
761,761,The light deflects without going straight.,761.0,"787,0,1,0,,,"
762,762,The light is brought together.,762.0,"788,1,0,0,,,"
763,763,Gather the light,763.0,"789,0,1,0,,,"
764,764,The fire breaks out while heating,764.0,"790,0,1,0,,,"
765,765,Heated,765.0,"791,1,0,0,,,"
766,766,It's getting hot.,766.0,"792,0,0,0,,,"
767,767,"Things happen, such as light converges and the temperature at that point increases.",767.0,"793,0,1,0,,,"
768,768,the intensity of light,768.0,"794,1,0,0,,,"
769,769,Light gathers in focus and the object in focus burns,769.0,"795,1,1,0,,,"
770,770,It's getting hot.,770.0,"796,0,0,0,,,"
771,771,The temperature of the light receiving part increases.,771.0,"797,0,1,0,,,"
772,772,The gathering part gets hot.,772.0,"798,1,0,0,,,"
773,773,A fire can break out. A typical example is a magnifying glass that collects sunlight.,773.0,"799,1,1,0,,,"
774,774,Light gathers well.,774.0,"800,1,1,1,,,"
775,775,The light is gathering,775.0,"801,1,0,0,,,"
776,776,The light is gathered and burned,776.0,"802,1,1,0,,,"
777,777,It looks convex,777.0,"803,1,1,0,,,"
778,778,I don't understand.,778.0,"804,1,1,0,,,"
779,779,It looks big.,779.0,"805,1,0,0,,,"
780,780,There's a fire,780.0,"806,1,1,0,,,"
781,781,The light gathers and becomes stronger,781.0,"807,0,1,1,,,"
782,782,gather in one place,782.0,"808,0,1,0,,,809,1,1,0,,,"
783,783,I don't know.,783.0,"810,1,0,0,,,"
784,784,It's burning,784.0,"811,1,1,0,,,"
785,785,"When sunlight gathers into focus, it will spread further and further away from focus.",785.0,"812,1,1,0,,,"
786,786,The temperature rises.,786.0,"813,1,0,0,,,"
787,787,Sunlight gathers well.,787.0,"814,1,1,0,,,"
788,788,"The sun is incident parallel to the convex lens. Therefore, it is concentrated in focus.",788.0,"815,1,1,0,,,"
789,789,It catches fire.,789.0,"816,1,1,0,,,"
790,790,I don't know.,790.0,"817,1,1,0,,,"
791,791,"Sunlight gathers into the focus of the convex lens.As light gathers in one place, the target's heat rises.",791.0,"818,1,1,0,,,"
792,792,"Because energy is concentrated, something can be burned.",792.0,"819,1,0,0,,,"
793,793,wtf,793.0,"820,0,0,0,,,"
794,794,The light gathers.,794.0,"821,0,0,0,,,"
795,795,It's hot.,795.0,"822,1,0,0,,,"
796,796,Sunlight refracts and temperatures rise in one place,796.0,"823,1,1,0,,,"
797,797,A lot of light gathers at the point where sunlight gathers and a lot of heat is generated.,797.0,"824,1,0,0,,,"
798,798,The gathered part gets hot,798.0,"825,0,0,0,,,"
799,799,"When sunlight is collected, heat is concentrated in one place, which can burn substances.",799.0,"826,1,0,0,,,"
800,800,"The convex lens focuses the incoming light. When sunlight is collected, sunlight entering in various directions can be collected at the focal point of the convex lens, and the temperature can be raised a lot at that position.",800.0,"827,1,0,0,,,"
801,801,The place is on fire because the sunlight is condensed.,801.0,"828,1,0,0,,,"
802,802,It's on fire,802.0,"829,1,0,0,,,"
803,803,The sun's light energy is concentrated in a narrow area and the temperature rises.,803.0,"830,1,0,0,,,"
804,804,"Light energy gathers. It may be less, but it is omitted because there is not enough time.",804.0,"831,0,0,0,,,"
805,805,Sunlight gathers in one place.,805.0,"832,0,1,0,,,"
806,806,The light is gathered and it gets hot.,806.0,"833,0,0,0,,,"
807,807,"When you collect sunlight with a lens, things burn. (Sunlight energy contains heat energy)",807.0,"834,1,1,0,,,"
808,808,"Convex lenses have the property that straight light is refracted and collected at one point. Therefore, by bringing sunlight together into a single point with a convex lens, that point will be burned.",808.0,"835,1,0,0,,,"
809,809,"When sunlight is collected with convex lenses, light is refracted and gathered into one point, and when sunlight is collected into one point, solar energy is concentrated into one point, and the temperature gradually rises. Due to the increased temperature, the temperature rises above the ignition point and catches fire.",809.0,"836,0,0,0,,,"
810,810,"When sunlight is collected with a convex lens, if there is a de-material, oxygen is supplied and the temperature rises above the ignition point. If that happens, it will burn because it meets the conditions to catch fire.",810.0,"837,0,0,0,,,"
811,811,"If you collect sunlight using convex lenses, you can collect heat and burn materials.",811.0,"838,0,0,0,,,839,1,0,0,,,"
812,812,a shortage of time,812.0,"840,1,0,0,,,"
813,813,"When sunlight is collected, it becomes possible for the heat of sunlight to gather in one place and light it.",813.0,"841,1,0,0,,,"
814,814,Light collects and generates heat.,814.0,"842,1,0,0,,,"
815,815,"A convex lens is a lens that collects light. Therefore, when sunlight with strong heat energy is collected, the focus area becomes fire or hot.",815.0,"843,0,0,0,,,"
816,816,It's burning.,816.0,"844,1,0,0,,,"
817,817,I'm sorry.,817.0,"845,0,1,1,,,"
818,818,..,818.0,"846,1,0,0,,,"
819,819,The fire is burning,819.0,"847,1,0,0,,,"
820,820,It's coming together,820.0,"848,1,1,0,,,"
821,821,"As smoke gradually rises, certain parts burn black.",821.0,"849,1,1,0,,,"
822,822,Nothing happens.,822.0,"850,1,0,0,,,"
823,823,Flames and smoke.,823.0,"851,1,0,0,,,"
824,824,The temperature of the circumferential surface of the convex lens increases and a fire may occur.,824.0,"852,0,1,0,,,"
825,825,Fire,825.0,"853,1,1,0,,,"
826,826,A fire breaks out.,826.0,"854,1,1,0,,,"
827,827,It's burning,827.0,"855,1,0,0,,,"
828,828,M and D,828.0,"856,1,0,0,,,"
829,829,Sunlight gathers in one place.,829.0,"857,1,1,0,,,"
830,830,The light is spreading,830.0,"858,1,1,0,,,"
831,831,The sunlight collects and heats up the area,831.0,"859,1,1,0,,,"
832,832,There's a fire.,832.0,"860,1,0,0,,,"
833,833,I don't know.,833.0,"861,0,0,0,,,"
834,834,.,834.0,"862,1,0,0,,,"
835,835,I don't know.,835.0,"863,1,1,0,,,"
836,836,"If you put the paper on it, the paper burns",836.0,"864,0,1,0,,,"
837,837,There's a fire,837.0,"865,1,0,1,,,"
838,838,There's a fire,838.0,"866,1,1,0,,,"
839,839,There's a fire.,839.0,"867,1,0,0,,,"
840,840,spread without gathering together,840.0,"868,1,0,0,,,869,1,0,0,,,"
841,841,There's a fire,841.0,"870,1,0,0,,,"
842,842,Light gathers and becomes stronger,842.0,"871,1,1,0,,,"
843,843,A fire breaks out because of the heat,843.0,"872,0,0,0,,,"
844,844,It's burning,844.0,"873,1,1,0,,,"
845,845,The temperature rises where the light gathers,845.0,"874,1,1,0,,,"
846,846,There's a fire in the middle,846.0,"875,1,0,0,,,"
847,847,It's a target,847.0,"876,1,0,0,,,"
848,848,There's a fire,848.0,"877,1,1,0,,,"
849,849,Sunlight gathers in one place.,849.0,"878,1,0,0,,,"
850,850,The middle is hotter than the edge,850.0,"879,1,1,0,,,"
851,851,Light gathers and a fire breaks out,851.0,"880,1,1,0,,,"
852,852,It's burning.,852.0,"881,1,1,0,,,"
853,853,Flames fly.,853.0,"882,1,1,0,,,"
854,854,"As light gathers in the middle, it heats up or burns",854.0,"883,1,1,0,,,"
855,855,I only ride the seats where the sunlight is gathered.,855.0,"884,1,1,0,,,"
856,856,The heat of the gathered light rises,856.0,"885,1,1,0,,,"
857,857,There's a fire,857.0,"886,1,0,0,,,"
858,858,.............,858.0,"887,1,0,0,,,"
859,859,a fire breaks out,859.0,"888,1,0,0,,,"
860,860,The light is reflected and the light gathers in different positions,860.0,"889,1,0,0,,,"
861,861,The sunlight gathers in the middle,861.0,"890,1,0,0,,,"
862,862,The temperature rises and brightens.,862.0,"891,1,0,0,,,"
863,863,Light gathers.,863.0,"892,1,0,0,,,"
864,864,It's burning,864.0,"893,1,0,0,,,"
865,865,It's burning,865.0,"894,1,1,0,,,"
866,866,The paper burns because of light and heat,866.0,"895,1,0,0,,,"
867,867,The paper burns because of light and heat.,867.0,"896,1,1,0,,,"
868,868,Collect the light and heat it up.,868.0,"897,1,0,0,,,"
869,869,Nothing happens,869.0,"898,1,0,0,,,899,0,1,0,,,"
870,870,The collected sunlight may heat up and cause things to burn,870.0,"900,1,0,0,,,"
871,871,The collected part gets hot,871.0,"901,1,0,0,,,"
872,872,to be able to burn paper,872.0,"902,1,0,0,,,"
873,873,Objects with paper-like properties can be burned.,873.0,"903,0,1,0,,,"
874,874,The light gathers in the middle and the temperature rises,874.0,"904,1,0,0,,,"
875,875,The paper burns,875.0,"905,1,1,1,,,"
876,876,"When you collect sunlight with a convex lens, light gathers in the middle. If you gather like this, it can generate a lot of heat, so it catches fire.",876.0,"906,1,0,0,,,"
877,877,"If there is paper at the bottom, the light gathered in the middle will go down and the paper at the bottom will burn.",877.0,"907,1,0,0,,,"
878,878,The light gathers in the middle and the temperature rises,878.0,"908,0,1,0,,,"
879,879,"The lenses are convex, so they're gathered in the center.to be able to heat up",879.0,"909,1,0,0,,,"
880,880,A fire breaks out at the gathering place,880.0,"910,1,0,0,,,"
881,881,A fire breaks out at the gathering place,881.0,"911,0,0,0,,,"
882,882,Sunlight gathers in one place and heats up,882.0,"912,1,1,0,,,"
883,883,"Where the light goes, it will get hot",883.0,"913,1,0,0,,,"
884,884,"If there is anything to ride, it burns.",884.0,"914,1,0,0,,,"
885,885,The temperature of the thermometer increases when the desiccant is burned by the heat of light,885.0,"915,0,1,0,,,"
886,886,The temperature rises where it is gathered,886.0,"916,0,1,0,,,"
887,887,"When sunlight is collected with convex lenses, light is generated, and if you place the paper underneath it, you can see the paper burns",887.0,"917,1,1,0,,,"
888,888,"Hot light will form and put the paper underneath it, and the paper will burn.",888.0,"918,1,1,0,,,"
889,889,Put paper under it and it burns.,889.0,"919,0,1,0,,,"
890,890,"The paper underneath will burnBy collecting sunlight well, paper or de-materials can burn slowly.",890.0,"920,1,1,0,,,"
891,891,You can burn paper lanterns that burn well.,891.0,"921,1,0,0,,,"
892,892,I think I can burn paper if I collect sunlight with convex lenses.,892.0,"922,0,1,0,,,"
893,893,The heat is hot enough to make a hole in the paper.,893.0,"923,0,1,0,,,"
894,894,"If you put a black paper under the lens, the paper burns because of the lens",894.0,"924,1,1,0,,,"
895,895,Convex lenses have the property of refracting light and are likely to be reflected by sunlight.,895.0,"925,1,1,0,,,"
896,896,The paper burns because you can see the sunlight,896.0,"926,1,0,0,,,"
897,897,There's a fire,897.0,"927,1,0,0,,,"
898,898,Paper burns on fire,898.0,"928,1,0,0,,,929,1,1,0,,,"
899,899,I think we're going to gather in the middle,899.0,"930,1,0,0,,,"
900,900,It burns or gets hot,900.0,"931,1,1,0,,,"
901,901,Fire. Light up in the middle.,901.0,"932,1,0,0,,,"
902,902,The paper burns,902.0,"933,0,1,0,,,"
903,903,"If it's black paper, we can light it up",903.0,"934,1,1,0,,,"
904,904,I think I can collect the light,904.0,"935,0,0,0,,,"
905,905,"Due to the nature of the convex lens, it emits strong sunlight that also ignites.",905.0,"936,1,0,0,,,"
906,906,The temperature will be higher.,906.0,"937,0,0,0,,,"
907,907,It's because it spreads,907.0,"938,0,0,0,,,"
908,908,It can be concentrated in one place to heat and light paper.,908.0,"939,0,0,0,,,"
909,909,The paper heats up the paper.,909.0,"940,0,0,0,,,"
910,910,The paper is crooked,910.0,"941,0,1,0,,,"
911,911,Sunlight gathers in the middle of the convex.,911.0,"942,1,1,0,,,"
912,912,The light is bent to the thick part of the convex lens and the light is gathered in the middle,912.0,"943,1,0,0,,,"
913,913,"The places you have collected will turn hot and if you collect a lot, you will likely catch a fire.",913.0,"944,0,1,0,,,"
914,914,The heat is applied to the collected place and the part burns.,914.0,"945,0,1,0,,,"
915,915,"Because light gathers in thick parts, light gathers only in the middle.",915.0,"946,0,0,0,,,"
916,916,The collected part will be hotter than the others.,916.0,"947,0,0,0,,,"
917,917,a fiery man,917.0,"948,0,0,0,,,"
918,918,Light is concentrated in one place,918.0,"949,0,0,0,,,"
919,919,The light is gathering,919.0,"950,1,0,0,,,"
920,920,Light can gather at the edge and heat up to make a fire.,920.0,"951,1,0,0,,,"
921,921,The gathering place is hot,921.0,"952,1,0,0,,,"
922,922,There's a fire.,922.0,"953,1,0,0,,,"
923,923,"""I can make a fire.",923.0,"954,1,0,0,,,"
924,924,"""",924.0,"955,1,0,0,,,"
925,925,It burns under the sunlight of the de-matter under the convex lens.,925.0,"956,0,0,0,,,"
926,926,The temperature rises as heat gathers,926.0,"957,0,1,0,,,"
927,927,I have a fever and the paper burns,927.0,"958,0,0,0,,,959,1,1,0,,,"
928,928,Light gathers in one place and burns,928.0,"960,1,0,0,,,"
929,929,It's getting hot,929.0,"961,1,1,0,,,"
930,930,Sunlight is gathering,930.0,"962,0,0,0,,,"
931,931,"If you gather in the middle, it's much hotter than the rest. And if you collect heat, you can make fire",931.0,"963,1,0,0,,,"
932,932,I have no idea.,932.0,"964,0,0,0,,,"
933,933,I think convex lenses can burn if they get too close to the sunlight,933.0,"965,1,1,0,,,"
934,934,.,934.0,"966,0,1,0,,,"
935,935,I don't know,935.0,"967,1,1,1,,,"
936,936,.,936.0,"968,1,1,0,,,"
937,937,I think the lights will be reflected,937.0,"969,1,1,0,,,"
938,938,Sunlight gathers in the middle.,938.0,"970,0,0,0,,,"
939,939,"When the heat of the sun is concentrated and the paper is placed in the concentrated area, the paper burns.",939.0,"971,0,0,0,,,"
940,940,The temperature is going up,940.0,"972,0,0,0,,,"
941,941,Light will gather into one place.,941.0,"973,0,0,0,,,"
942,942,Light gathers in one place,942.0,"974,0,0,0,,,"
943,943,I don't know.,943.0,"975,0,0,0,,,"
944,944,I don't know,944.0,"976,0,0,0,,,"
945,945,..distant,945.0,"977,0,0,0,,,"
946,946,I don't know,946.0,"978,0,1,0,,,"
947,947,Put it on the paper and it will catch fire,947.0,"979,0,0,0,,,"
948,948,It's burning,948.0,"980,0,0,0,,,"
949,949,It's burning,949.0,"981,1,1,0,,,"
950,950,There's a fire.,950.0,"982,0,0,0,,,"
951,951,There's a fire,951.0,"983,0,0,0,,,"
952,952,There's a fire,952.0,"984,0,0,0,,,"
953,953,I can't collect sunlight,953.0,"985,1,0,0,,,"
954,954,It's refracting,954.0,"986,0,0,0,,,"
955,955,The light spreads.,955.0,"987,0,0,0,,,"
956,956,"If you put an object like black paper, heat can gather and burn.",956.0,"988,0,0,0,,,989,0,0,1,,,"
957,957,There's a fire,957.0,"990,0,0,0,,,"
958,958,Light collects and burns objects in some cases,958.0,"991,0,0,1,,,"
959,959,It's impossible,959.0,"992,0,0,0,,,"
960,960,"Collected light can burn objects at high temperatures, in some cases",960.0,"993,1,0,0,,,"
961,961,The light spreads.,961.0,"994,0,1,0,,,"
962,962,"Because convex lenses have the property of collecting light into one place, for example, paper can catch fire if there is paper where light is collected.",962.0,"995,0,0,0,,,"
963,963,Sunlight is gathering,963.0,"996,0,1,0,,,"
964,964,"The middle part is thicker than the edge, so light is refracted from the edge part and gathers to the center part, so light and heat gather. Therefore, collecting sunlight with convex lenses will make it brighter, and the temperature will rise.",964.0,"997,1,0,0,,,"
965,965,Smoke comes from the gathering,965.0,"998,0,0,0,,,"
966,966,Light gathers in one place and burns,966.0,"999,1,0,0,,,"
967,967,I don't know,967.0,"1000,0,1,0,,,"
968,968,I don't know,968.0,"1001,1,1,0,,,"
969,969,The light is reflected,969.0,"1002,0,1,0,,,"
970,970,The light is likely to reflect.,970.0,"1003,1,0,0,,,"
971,971,My eyes are shining,971.0,"1004,1,0,0,,,"
972,972,I don't know,972.0,"1005,1,0,0,,,"
973,973,I don't know,973.0,"1006,1,0,0,,,"
974,974,I don't know because I didn't learn it,974.0,"1007,1,0,0,,,"
975,975,I think there's going to be a refraction,975.0,"1008,1,1,0,,,"
976,976,You have not learned refraction/refraction.,976.0,"1009,1,0,0,,,"
977,977,I don't know.,977.0,"1010,1,1,0,,,"
978,978,I think the sunlight will gather in the middle and catch fire,978.0,"1011,1,1,0,,,"
979,979,I think the light will reflect,979.0,"1012,1,1,0,,,"
980,980,I don't know because I didn't learn it.,980.0,"1013,1,0,0,,,"
981,981,I don't know.,981.0,"1014,0,0,0,,,"
982,982,to be able to cause a fire,982.0,"1015,1,0,0,,,"
983,983,When you make a fire in the wild.,983.0,"1016,0,0,0,,,"
984,984,I don't know.,984.0,"1017,0,1,0,,,"
985,985,I don't know,985.0,"1018,1,1,0,,,1019,0,0,0,,,"
986,986,I think it'll look brighter.,986.0,"1020,0,1,0,,,"
987,987,I don't know!,987.0,"1021,1,0,0,,,"
988,988,My eyes are going to hurt.,988.0,"1022,0,1,0,,,"
989,989,I don't know.I'm getting a fever,989.0,"1023,0,0,0,,,"
990,990,Light gathers in one spot,990.0,"1024,0,0,0,,,"
991,991,I don't know,991.0,"1025,1,1,0,,,"
992,992,The light is refracted,992.0,"1026,1,1,1,,,"
993,993,It's getting hot,993.0,"1027,1,1,0,,,"
994,994,?,994.0,"1028,0,0,0,,,"
995,995,It's getting hot,995.0,"1029,1,1,0,,,"
996,996,It's refracting,996.0,"1030,1,1,0,,,"
997,997,The part where the sunlight is gathered catches fire,997.0,"1031,0,1,0,,,"
998,998,Collecting light,998.0,"1032,0,1,0,,,"
999,999,Heat is generated,999.0,"1033,1,1,0,,,"
1000,1000,The temperature is getting hot,1000.0,"1034,1,0,0,,,"
1001,1001,a fiery man,1001.0,"1035,1,1,0,,,"
1002,1002,The fire is burning,1002.0,"1036,0,1,0,,,"
1003,1003,There's a fire,1003.0,"1037,0,1,0,,,"
1004,1004,The temperature of the place where the light is gathered increases,1004.0,"1038,1,1,0,,,"
1005,1005,The convex lens gets hot.,1005.0,"1039,1,0,0,,,"
1006,1006,"As it gathers, it burns when it's placed on black paper",1006.0,"1040,1,0,0,,,"
1007,1007,Heat is generated in one area and can be burned if collected for a long time,1007.0,"1041,1,0,0,,,"
1008,1008,The part burns because the light is concentrated in one place and energy is concentrated there.,1008.0,"1042,0,0,0,,,"
1009,1009,There's a fire,1009.0,"1043,1,0,0,,,"
1010,1010,I don't know,1010.0,"1044,1,0,0,,,"
1011,1011,The ants are burning. I'll give you a ride on your head,1011.0,"1045,1,0,0,,,"
1012,1012,I don't want to,1012.0,"1046,1,0,0,,,"
1013,1013,"Since the middle part is thicker than the edge, it will refract sunlight and collect it in one place.",1013.0,"1047,1,1,0,,,"
1014,1014,The middle part is getting hot,1014.0,"1048,0,1,0,,,1049,1,0,0,,,"
1015,1015,Well,1015.0,"1050,1,1,1,,,"
1016,1016,Sunlight gathers at the focus of the convex lens.,1016.0,"1051,0,1,0,,,"
1017,1017,It can burn ants.,1017.0,"1052,1,0,0,,,"
1018,1018,The light is gathering,1018.0,"1053,1,0,0,,,"
1019,1019,"Hair loss, hair loss",1019.0,"1054,1,1,0,,,"
1020,1020,You can kill ants through the lens.,1020.0,"1055,1,1,0,,,"
1021,1021,Heat is generated in the gathered area,1021.0,"1056,1,1,0,,,"
1022,1022,Strong light gathers to generate heat,1022.0,"1057,0,0,0,,,"
1023,1023,"Concentrating a point of light concentrates energy. With that energy, you can burn paper, etc",1023.0,"1058,1,1,0,,,"
1024,1024,It's getting stronger,1024.0,"1059,1,0,0,,,"
1025,1025,You can collect light and burn something like black paper.,1025.0,"1060,0,1,0,,,"
1026,1026,"When sunlight is collected, sunlight is concentrated at the gathering point, so you can cook there and eat delicious pork belly, and if you can't make a fire, you can use convex lenses to make a fire.",1026.0,"1061,0,1,0,,,"
1027,1027,Solar energy radiation increases at the point where sunlight gathers.,1027.0,"1062,1,1,0,,,"
1028,1028,"When parallel sunlight passes through the convex lens, the focus is focused on the convex side.",1028.0,"1063,0,0,0,,,"
1029,1029,Light collection temperature rises in focus very hot fire can occur,1029.0,"1064,1,0,0,,,"
1030,1030,The leaves can be burned. Heat is generated at the focal point of the convex lens.,1030.0,"1065,1,0,0,,,"
1031,1031,"The convex lens focuses on one point, and when sunlight is collected, the heat of sunlight gathers in one step, generating heat that can burn objects.",1031.0,"1066,0,1,0,,,"
1032,1032,"Light is refracted to the thick side, and when a convex lens is used, when divided into the lower part of the upper part of the lens, the light on the upper part is bent to the middle part, and the light on the lower part is bent to the middle part. Using this phenomenon, I think it can help people observe in real life or use energy by using magnifiers or lenses that collect light.",1032.0,"1067,1,1,0,,,"
1033,1033,"A convex lens has the property of refracting light and collecting it at a point, and when it collects light with this convex lens, a large amount of energy will be collected at the intersection of the refractive lines, and it will be dangerous if it is directed toward life.",1033.0,"1068,0,1,0,,,"
1034,1034,"When sunlight is collected with convex lenses, the light is collected and heat is increased, and the smell will cause uncomfortable people to open their windows with frowns, and the need for hospitals around them will increase, and the economy will circulate and follow better policies.",1034.0,"1069,1,1,0,,,"
1035,1035,It's on fire,1035.0,"1070,1,0,0,,,"
1036,1036,It's getting hot,1036.0,"1071,1,0,0,,,"
1037,1037,It's hot,1037.0,"1072,1,0,0,,,"
1038,1038,I don't know.,1038.0,"1073,1,0,0,,,"
1039,1039,The part where the sunlight directly meets gets hot,1039.0,"1074,0,1,0,,,"
1040,1040,to be able to make a fire,1040.0,"1075,1,0,0,,,"
1041,1041,There's a fire,1041.0,"1076,0,0,0,,,"
1042,1042,It's burning,1042.0,"1077,1,1,0,,,"
1043,1043,Light gathers in the middle to generate heat.,1043.0,"1078,1,1,0,,,1079,1,1,0,,,"
1044,1044,They gather in one place,1044.0,"1080,1,1,0,,,"
1045,1045,That part could get very hot and cause a fire,1045.0,"1081,1,1,0,,,"
1046,1046,"My eyes hurt for now my eyes hurt. When you focus on black paper with convex lenses, sunlight gathers there and receives heat, causing the paper to get scorched or burned.",1046.0,"1082,1,0,0,,,"
1047,1047,The sunlight gathers in one spot,1047.0,"1083,1,1,0,,,"
1048,1048,It can catch fire.,1048.0,"1084,1,1,0,,,"
1049,1049,My clothes burn better because they are black,1049.0,"1085,1,1,0,,,"
1050,1050,Sunlight gathers in one place and traps paper in and causes a fire,1050.0,"1086,1,1,1,,,"
1051,1051,The sun will be concentrated in one place and burn where the convex lens is illuminated,1051.0,"1087,1,1,0,,,"
1052,1052,"Because light is concentrated in one place, the temperature at that point becomes very high.",1052.0,"1088,1,1,1,,,"
1053,1053,"The statue is formed by turning 180 degrees, and the color is larger and clearer.  Magnifier, car side mirror",1053.0,"1089,1,1,0,,,"
1054,1054,"If you put paper in a place that collects sunlight, it will burn",1054.0,"1090,1,1,0,,,"
1055,1055,De-materials catch fire,1055.0,"1091,1,1,0,,,"
1056,1056,The light is gathering,1056.0,"1092,1,1,0,,,"
1057,1057,The sunlight gathers in one spot,1057.0,"1093,1,1,0,,,"
1058,1058,The sunlight gathers. The part where the light gathers gets hot.,1058.0,"1094,1,1,0,,,"
1059,1059,Strong energy is generated,1059.0,"1095,0,1,0,,,"
1060,1060,to be able to burn matter,1060.0,"1096,1,0,0,,,"
1061,1061,It's getting hot,1061.0,"1097,1,1,0,,,"
1062,1062,Light gathers in one spot,1062.0,"1098,1,1,0,,,"
1063,1063,A fire breaks out in the gathering area,1063.0,"1099,0,1,1,,,"
1064,1064,There is a gathering point,1064.0,"1100,1,1,0,,,"
1065,1065,The energy of light comes together and it gets hotter,1065.0,"1101,0,0,0,,,"
1066,1066,Put black paper on it burns,1066.0,"1102,0,0,0,,,"
1067,1067,The boil burns,1067.0,"1103,1,0,0,,,"
1068,1068,the temperature of the substances below it rises,1068.0,"1104,1,1,0,,,"
1069,1069,It's hot,1069.0,"1105,1,0,0,,,"
1070,1070,It gathers in one point.,1070.0,"1106,1,1,0,,,"
1071,1071,There's a fire,1071.0,"1107,1,0,0,,,"
1072,1072,The light is spreading,1072.0,"1108,1,0,0,,,1109,1,1,0,,,"
1073,1073,"If you collect sunlight with a convex lens, there is a fire.",1073.0,"1110,1,0,0,,,"
1074,1074,Sunlight gathers at one point and the material underneath burns.,1074.0,"1111,1,0,0,,,"
1075,1075,"The sunlight, which originally spread over a large area, is refracted by convex lenses, which concentrates on a smaller area, and the narrow area where the sunlight touches is heated at a faster rate.",1075.0,"1112,1,0,0,,,"
1076,1076,"Because convex lenses have the property of refracting light to the thick side of the lens, light gathers and the temperature is concentrated in one place. Therefore, there is smoke or fire.",1076.0,"1113,0,0,0,,,"
1077,1077,The light gathers and the gathering place heats up. There will be a fire in the end.,1077.0,"1114,1,1,0,,,"
1078,1078,It can be hot and on fire!,1078.0,"1115,1,0,0,,,"
1079,1079,"Because light refraction occurs in convex lenses, when sunlight is collected, the light gathers at a point and over time, the temperature of the area rises, generating heat, which can cause a fire (in the case of paper, the area burns black)",1079.0,"1116,1,0,0,,,"
1080,1080,"Sunlight will gather and heat will be concentrated in one place. If the temperature of the point where heat is collected increases and lasts for a long time, a fire may occur.",1080.0,"1117,1,0,0,,,"
1081,1081,"Collecting sunlight with convex lenses increases the brightness and temperature of the area. . As light passes through the lens, it is bent toward the thick side of the lens because the center of the lens is thicker than the edge, so the light is bent toward the center of the lens.",1081.0,"1118,0,0,0,,,"
1082,1082,"All sunlight directed to the convex lens gathers in the middle of the lens, becoming one strong light. Therefore, stronger light and heat will be generated than when light is dispersed. When I was young, I did a science experiment on magnifying glass. It was an activity where a magnifying glass was placed on a white paper to shine sunlight, and the results of the experiment at that time are still memorable. The paper became more and more scorched, and eventually a fire broke out. Perhaps if I had been shining on my hand, my hand would have burned.",1082.0,"1119,1,1,0,,,"
1083,1083,"The sunlight that passes through the convex lens gathers in focus. Through this, it can be seen that the convex lens has a characteristic of collecting light. Thus, if you collect sunlight with a convex lens, it will be gathered into one part, and if a lot of light is exposed to a certain space for a long time, only a certain part will be heated. In other words, certain parts where light is gathered will be burned by heat.",1083.0,"1120,1,0,0,,,"
1084,1084,"When light is refracted with a convex lens to pass through a point to collect light, the area of light collected becomes smaller when sunlight is collected with a convex lens, and the brightness of that part becomes brighter. Also, the temperature of the sunlight collection increases.",1084.0,"1121,1,0,0,,,"
1085,1085,"As sunlight passes through the convex lens, the light deflects inward from the center and gathers into focus. At this time, if there is a substance that can be burned, such as paper, at the point where light gathers, the substance can burn and cause a fire.",1085.0,"1122,1,0,0,,,"
1086,1086,"A convex lens refracts incoming light so that the focus is focused in one direction. Therefore, using a convex lens, light can be collected in one direction. Therefore, when sunlight is collected with convex lenses, light can gather in one direction and ignite it.",1086.0,"1123,1,0,0,,,"
1087,1087,"When light is incident in a direction parallel to the plane where the convex lens is erected, it is concentrated in the middle of the convex lens with a relatively large density to create a focus. The temperature at the focal point will rise.",1087.0,"1124,1,1,0,,,"
1088,1088,"The convex lens refracts and collects light because the center of the lens is thicker than the edge. Therefore, it is possible to collect sunlight with a convex lens and apply hotter heat than usual where the sunlight passes through this lens. For example, if you place the paper underneath the convex lens and let the sunlight shine, the paper can burn with increasing heat.Sunlight gathers, heat from sunlight gathers, so it can be used to heat up.",1088.0,"1125,1,1,0,,,"
1089,1089,"Convex lenses are thick in the middle, so they have the property of collecting them into one point. The solar energy gathered in such a way gradually increases the temperature of that part and concentrates heat. At this time, if you put paper or wood, which is a burning substance, concentrated heat causes a fire.",1089.0,"1126,0,1,0,,,"
1090,1090,"A convex lens has a convex thicker center than an edge of the lens. Thus, when sunlight passes through the convex lens, the light refracts and bends toward the center and gathers.",1090.0,"1127,1,0,0,,,"
1091,1091,"When light gathers, heat is generated and if the heat persists, it can burn any small material. Combustion using larger convex lenses will reduce the use of fossil fuels currently in use, which will save energy and reduce environmental pollution.",1091.0,"1128,1,1,0,,,"
1092,1092,"There will be a fire in the middle. Because convex lenses have the property of refracting light, sunlight refracts and passes when sunlight is reflected, and convex lenses have the property of collecting light, so light is refracted toward the focus and light will gather in one place. At this time, energy is generated as light gathers momentarily, which will generate heat and cause fire.",1092.0,"1129,1,1,0,,,"
1093,1093,"One interesting experiment is that when sunlight is collected with a magnifying glass, it catches fire. Magnifying glasses are also a typical example of convex lenses. It can be seen that when sunlight is collected with convex lenses, sunlight is collected and caught on fire.",1093.0,"1130,0,1,0,,,"
1094,1094,"The convex lens is refracted to a central portion where the incident light is thicker than the edge of the lens. Therefore, when sunlight is collected with a convex lens, the intensity of light becomes stronger than before sunlight is collected.",1094.0,"1131,0,1,0,,,"
1095,1095,It collects sunlight and generates heat. Put black paper on it burns.,1095.0,"1132,1,1,0,,,"
1096,1096,Let's go! Let's go,1096.0,"1133,1,1,0,,,"
1097,1097,Who cares?,1097.0,"1134,1,1,0,,,"
1098,1098,Burnable substances slowly catch fire,1098.0,"1135,1,0,0,,,"
1099,1099,Sunlight gathers in the middle of the convex lens and the paper with the magnifying glass burns,1099.0,"1136,0,1,0,,,"
1100,1100,The paper burns.,1100.0,"1137,1,1,0,,,"
1101,1101,Sunlight gathers in the middle of the convex lens and burns paper with magnifying glass,1101.0,"1138,0,1,0,,,1139,1,0,0,,,"
1102,1102,The paper burns,1102.0,"1140,0,1,0,,,"
1103,1103,to be able to burn paper by making a fire,1103.0,"1141,1,0,0,,,"
1104,1104,"If you keep collecting sunlight on black, it will burn",1104.0,"1142,1,1,0,,,"
1105,1105,The paper burns,1105.0,"1143,1,0,0,,,"
1106,1106,Put it on paper and the paper burns.,1106.0,"1144,1,1,0,,,"
1107,1107,The paper burns.,1107.0,"1145,1,0,0,,,"
1108,1108,I don't know because I haven't tried it on,1108.0,"1146,1,1,0,,,"
1109,1109,"When sunlight is collected with convex lenses, the sunlight is concentrated in one place, so a fire will occur over time.",1109.0,"1147,1,1,0,,,"
1110,1110,to be able to burn paper by making a fire,1110.0,"1148,0,1,0,,,"
1111,1111,There's a fire,1111.0,"1149,1,0,0,,,"
1112,1112,It's on fire,1112.0,"1150,1,1,0,,,"
1113,1113,"When the sunlight collection becomes smaller, the light becomes brighter and hotter, and when the area becomes larger, the light becomes lighter and the temperature decreases",1113.0,"1151,,,,,,"
1114,1114,The place where sunlight is collected burns.,1114.0,"1152,,,,,,"
1115,1115,"When a block lens collects sunlight, it causes a fire.",1115.0,"1153,63.6%,42.2%,4.5%,,,"
1116,1116,There's a fire.,,
1117,1117,There's a fire,,
1118,1118,spark,,
1119,1119,"A convex lens serves to refract light and collect it at a point. Therefore, when sunlight is collected with convex lenses, sunlight gathers at one point, so a lot of heat is generated, and when the paper is brought over, the paper is scorched by fire. Because it is so dangerous, you should be careful of accidents such as bringing your hands.",,
1120,1120,"Sunlight gathers in one place and generates heat, causing a fire",,
1121,1121,The light is gathering,,
1122,1122,"If there is a paper, the paper catches fire and burns the paper.",,
1123,1123,The spot where the sunlight is gathered is burned.,,
1124,1124,The sun-collected part burns.,,
1125,1125,The sunlight gathers.,,
1126,1126,Light gathers well because it is collected in thick parts.,,
1127,1127,"The paper burns because it is gathered in one place, which is sunlight.",,
1128,1128,The part where the light is gathered gets hot,,
1129,1129,"The part where the sunlight gathered is hot,",,
1130,1130,Time will catch fire,,
1131,1131,Light refracts.,,
1132,1132,The part where the sunlight is gathered gets hot,,
1133,1133,The sunlight is gathering,,
1134,1134,"In some cases, when sunlight is trapped in a convex lens, it gets hotter and burns.",,
1135,1135,Sunlight gathers with convex lenses.,,
1136,1136,There's a fire,,
1137,1137,Sunlight can gather and cause a small fire.,,
1138,1138,There's a fire.,,
1139,1139,The temperature of the collection increases,,
1140,1140,The paper burns if there is a piece of paper at the paper burns,,
1141,1141,"As the sunlight gathers, there is fire and smoke",,
1142,1142,Sunlight is collected in the middle of the convex lens and the middle part gets hot.,,
1143,1143,You can collect sunlight.,,
1144,1144,I think the convex lens will get hot,,
1145,1145,"Sunlight gathers at one point, where smoke comes out and matter burns.",,
1146,1146,Evaluation Only. Created with Aspose.Cells for Python via Java.Copyright 2003 - 2022 Aspose Pty Ltd.,,
